x	y	z
0.000000	0.500000	0.000000
0.000000	0.700000	0.000000
0.000000	0.900000	0.000000
0.000000	1.100000	0.000000
0.000000	1.300000	0.000000
0.000000	1.500000	0.000000
0.000000	1.700000	0.000000
0.000000	1.900000	0.000000
0.000000	2.100000	0.000000
0.000000	2.300000	0.000000
0.000000	2.500000	0.000000
0.000000	2.700000	0.000000
0.000000	2.900000	0.000000
0.000000	3.100000	0.000000
0.000000	3.300000	0.000000
0.000000	3.500000	0.000000
0.000000	3.700000	0.000000
0.000000	3.900000	0.000000
0.000000	4.100000	0.000000
0.000000	4.300000	0.000000
0.000000	4.500000	0.000000
0.000000	4.700000	0.000000
0.000000	4.900000	0.000000
0.000000	5.100000	0.000000
0.000000	5.300000	0.000000
0.000000	5.500000	0.000000
0.000000	5.700000	0.000000
0.000000	5.900000	0.000000
0.000000	6.100000	0.000000
0.000000	6.300000	0.000000
0.000000	6.500000	0.000000
0.000000	6.700000	0.000000
0.000000	6.900000	0.000000
0.000000	7.100000	0.000000
0.000000	7.300000	0.000000
0.000000	7.500000	0.000000
0.000000	7.700000	0.000000
0.000000	7.900000	0.000000
0.200000	0.500000	1.229751
0.200000	0.700000	1.721651
0.200000	0.900000	2.213552
0.200000	1.100000	2.705452
0.200000	1.300000	3.197352
0.200000	1.500000	3.689253
0.200000	1.700000	4.181153
0.200000	1.900000	4.673054
0.200000	2.100000	5.164954
0.200000	2.300000	5.656854
0.200000	2.500000	6.148755
0.200000	2.700000	6.640655
0.200000	2.900000	7.132555
0.200000	3.100000	7.624456
0.200000	3.300000	8.116356
0.200000	3.500000	8.608256
0.200000	3.700000	9.100157
0.200000	3.900000	9.592057
0.200000	4.100000	10.083958
0.200000	4.300000	10.575858
0.200000	4.500000	11.067758
0.200000	4.700000	11.559659
0.200000	4.900000	12.051559
0.200000	5.100000	12.543459
0.200000	5.300000	13.035360
0.200000	5.500000	13.527260
0.200000	5.700000	14.019161
0.200000	5.900000	14.511061
0.200000	6.100000	15.002961
0.200000	6.300000	15.494862
0.200000	6.500000	15.986762
0.200000	6.700000	16.478662
0.200000	6.900000	16.970563
0.200000	7.100000	17.462463
0.200000	7.300000	17.954363
0.200000	7.500000	18.446264
0.200000	7.700000	18.938164
0.200000	7.900000	19.430065
0.400000	0.500000	2.459502
0.400000	0.700000	3.443303
0.400000	0.900000	4.427103
0.400000	1.100000	5.410904
0.400000	1.300000	6.394705
0.400000	1.500000	7.378506
0.400000	1.700000	8.362306
0.400000	1.900000	9.346107
0.400000	2.100000	10.329908
0.400000	2.300000	11.313708
0.400000	2.500000	12.297509
0.400000	2.700000	13.281310
0.400000	2.900000	14.265111
0.400000	3.100000	15.248911
0.400000	3.300000	16.232712
0.400000	3.500000	17.216513
0.400000	3.700000	18.200314
0.400000	3.900000	19.184114
0.400000	4.100000	20.167915
0.400000	4.300000	21.151716
0.400000	4.500000	22.135517
0.400000	4.700000	23.119317
0.400000	4.900000	24.103118
0.400000	5.100000	25.086919
0.400000	5.300000	26.070720
0.400000	5.500000	27.054520
0.400000	5.700000	28.038321
0.400000	5.900000	29.022122
0.400000	6.100000	30.005923
0.400000	6.300000	30.989723
0.400000	6.500000	31.973524
0.400000	6.700000	32.957325
0.400000	6.900000	33.941125
0.400000	7.100000	34.924926
0.400000	7.300000	35.908727
0.400000	7.500000	36.892528
0.400000	7.700000	37.876328
0.400000	7.900000	38.860129
0.600000	0.500000	3.689253
0.600000	0.700000	5.164954
0.600000	0.900000	6.640655
0.600000	1.100000	8.116356
0.600000	1.300000	9.592057
0.600000	1.500000	11.067758
0.600000	1.700000	12.543459
0.600000	1.900000	14.019161
0.600000	2.100000	15.494862
0.600000	2.300000	16.970563
0.600000	2.500000	18.446264
0.600000	2.700000	19.921965
0.600000	2.900000	21.397666
0.600000	3.100000	22.873367
0.600000	3.300000	24.349068
0.600000	3.500000	25.824769
0.600000	3.700000	27.300471
0.600000	3.900000	28.776172
0.600000	4.100000	30.251873
0.600000	4.300000	31.727574
0.600000	4.500000	33.203275
0.600000	4.700000	34.678976
0.600000	4.900000	36.154677
0.600000	5.100000	37.630378
0.600000	5.300000	39.106079
0.600000	5.500000	40.581780
0.600000	5.700000	42.057482
0.600000	5.900000	43.533183
0.600000	6.100000	45.008884
0.600000	6.300000	46.484585
0.600000	6.500000	47.960286
0.600000	6.700000	49.435987
0.600000	6.900000	50.911688
0.600000	7.100000	52.387389
0.600000	7.300000	53.863090
0.600000	7.500000	55.338792
0.600000	7.700000	56.814493
0.600000	7.900000	58.290194
0.800000	0.500000	4.919004
0.800000	0.700000	6.886605
0.800000	0.900000	8.854207
0.800000	1.100000	10.821808
0.800000	1.300000	12.789410
0.800000	1.500000	14.757011
0.800000	1.700000	16.724613
0.800000	1.900000	18.692214
0.800000	2.100000	20.659816
0.800000	2.300000	22.627417
0.800000	2.500000	24.595018
0.800000	2.700000	26.562620
0.800000	2.900000	28.530221
0.800000	3.100000	30.497823
0.800000	3.300000	32.465424
0.800000	3.500000	34.433026
0.800000	3.700000	36.400627
0.800000	3.900000	38.368229
0.800000	4.100000	40.335830
0.800000	4.300000	42.303432
0.800000	4.500000	44.271033
0.800000	4.700000	46.238635
0.800000	4.900000	48.206236
0.800000	5.100000	50.173838
0.800000	5.300000	52.141439
0.800000	5.500000	54.109041
0.800000	5.700000	56.076642
0.800000	5.900000	58.044244
0.800000	6.100000	60.011845
0.800000	6.300000	61.979447
0.800000	6.500000	63.947048
0.800000	6.700000	65.914650
0.800000	6.900000	67.882251
0.800000	7.100000	69.849852
0.800000	7.300000	71.817454
0.800000	7.500000	73.785055
0.800000	7.700000	75.752657
0.800000	7.900000	77.720258
1.000000	0.500000	6.148755
1.000000	0.700000	8.608256
1.000000	0.900000	11.067758
1.000000	1.100000	13.527260
1.000000	1.300000	15.986762
1.000000	1.500000	18.446264
1.000000	1.700000	20.905766
1.000000	1.900000	23.365268
1.000000	2.100000	25.824769
1.000000	2.300000	28.284271
1.000000	2.500000	30.743773
1.000000	2.700000	33.203275
1.000000	2.900000	35.662777
1.000000	3.100000	38.122279
1.000000	3.300000	40.581780
1.000000	3.500000	43.041282
1.000000	3.700000	45.500784
1.000000	3.900000	47.960286
1.000000	4.100000	50.419788
1.000000	4.300000	52.879290
1.000000	4.500000	55.338792
1.000000	4.700000	57.798293
1.000000	4.900000	60.257795
1.000000	5.100000	62.717297
1.000000	5.300000	65.176799
1.000000	5.500000	67.636301
1.000000	5.700000	70.095803
1.000000	5.900000	72.555305
1.000000	6.100000	75.014806
1.000000	6.300000	77.474308
1.000000	6.500000	79.933810
1.000000	6.700000	82.393312
1.000000	6.900000	84.852814
1.000000	7.100000	87.312316
1.000000	7.300000	89.771817
1.000000	7.500000	92.231319
1.000000	7.700000	94.690821
1.000000	7.900000	97.150323
1.200000	0.500000	7.378506
1.200000	0.700000	10.329908
1.200000	0.900000	13.281310
1.200000	1.100000	16.232712
1.200000	1.300000	19.184114
1.200000	1.500000	22.135517
1.200000	1.700000	25.086919
1.200000	1.900000	28.038321
1.200000	2.100000	30.989723
1.200000	2.300000	33.941125
1.200000	2.500000	36.892528
1.200000	2.700000	39.843930
1.200000	2.900000	42.795332
1.200000	3.100000	45.746734
1.200000	3.300000	48.698137
1.200000	3.500000	51.649539
1.200000	3.700000	54.600941
1.200000	3.900000	57.552343
1.200000	4.100000	60.503745
1.200000	4.300000	63.455148
1.200000	4.500000	66.406550
1.200000	4.700000	69.357952
1.200000	4.900000	72.309354
1.200000	5.100000	75.260757
1.200000	5.300000	78.212159
1.200000	5.500000	81.163561
1.200000	5.700000	84.114963
1.200000	5.900000	87.066365
1.200000	6.100000	90.017768
1.200000	6.300000	92.969170
1.200000	6.500000	95.920572
1.200000	6.700000	98.871974
1.200000	6.900000	101.823376
1.200000	7.100000	104.774779
1.200000	7.300000	107.726181
1.200000	7.500000	110.677583
1.200000	7.700000	113.628985
1.200000	7.900000	116.580388
1.400000	0.500000	8.608256
1.400000	0.700000	12.051559
1.400000	0.900000	15.494862
1.400000	1.100000	18.938164
1.400000	1.300000	22.381467
1.400000	1.500000	25.824769
1.400000	1.700000	29.268072
1.400000	1.900000	32.711375
1.400000	2.100000	36.154677
1.400000	2.300000	39.597980
1.400000	2.500000	43.041282
1.400000	2.700000	46.484585
1.400000	2.900000	49.927888
1.400000	3.100000	53.371190
1.400000	3.300000	56.814493
1.400000	3.500000	60.257795
1.400000	3.700000	63.701098
1.400000	3.900000	67.144400
1.400000	4.100000	70.587703
1.400000	4.300000	74.031006
1.400000	4.500000	77.474308
1.400000	4.700000	80.917611
1.400000	4.900000	84.360913
1.400000	5.100000	87.804216
1.400000	5.300000	91.247519
1.400000	5.500000	94.690821
1.400000	5.700000	98.134124
1.400000	5.900000	101.577426
1.400000	6.100000	105.020729
1.400000	6.300000	108.464031
1.400000	6.500000	111.907334
1.400000	6.700000	115.350637
1.400000	6.900000	118.793939
1.400000	7.100000	122.237242
1.400000	7.300000	125.680544
1.400000	7.500000	129.123847
1.400000	7.700000	132.567150
1.400000	7.900000	136.010452
1.600000	0.500000	9.838007
1.600000	0.700000	13.773210
1.600000	0.900000	17.708413
1.600000	1.100000	21.643616
1.600000	1.300000	25.578819
1.600000	1.500000	29.514022
1.600000	1.700000	33.449225
1.600000	1.900000	37.384428
1.600000	2.100000	41.319631
1.600000	2.300000	45.254834
1.600000	2.500000	49.190037
1.600000	2.700000	53.125240
1.600000	2.900000	57.060443
1.600000	3.100000	60.995646
1.600000	3.300000	64.930849
1.600000	3.500000	68.866052
1.600000	3.700000	72.801255
1.600000	3.900000	76.736458
1.600000	4.100000	80.671661
1.600000	4.300000	84.606864
1.600000	4.500000	88.542067
1.600000	4.700000	92.477269
1.600000	4.900000	96.412472
1.600000	5.100000	100.347675
1.600000	5.300000	104.282878
1.600000	5.500000	108.218081
1.600000	5.700000	112.153284
1.600000	5.900000	116.088487
1.600000	6.100000	120.023690
1.600000	6.300000	123.958893
1.600000	6.500000	127.894096
1.600000	6.700000	131.829299
1.600000	6.900000	135.764502
1.600000	7.100000	139.699705
1.600000	7.300000	143.634908
1.600000	7.500000	147.570111
1.600000	7.700000	151.505314
1.600000	7.900000	155.440517
1.800000	0.500000	11.067758
1.800000	0.700000	15.494862
1.800000	0.900000	19.921965
1.800000	1.100000	24.349068
1.800000	1.300000	28.776172
1.800000	1.500000	33.203275
1.800000	1.700000	37.630378
1.800000	1.900000	42.057482
1.800000	2.100000	46.484585
1.800000	2.300000	50.911688
1.800000	2.500000	55.338792
1.800000	2.700000	59.765895
1.800000	2.900000	64.192998
1.800000	3.100000	68.620102
1.800000	3.300000	73.047205
1.800000	3.500000	77.474308
1.800000	3.700000	81.901412
1.800000	3.900000	86.328515
1.800000	4.100000	90.755618
1.800000	4.300000	95.182722
1.800000	4.500000	99.609825
1.800000	4.700000	104.036928
1.800000	4.900000	108.464031
1.800000	5.100000	112.891135
1.800000	5.300000	117.318238
1.800000	5.500000	121.745341
1.800000	5.700000	126.172445
1.800000	5.900000	130.599548
1.800000	6.100000	135.026651
1.800000	6.300000	139.453755
1.800000	6.500000	143.880858
1.800000	6.700000	148.307961
1.800000	6.900000	152.735065
1.800000	7.100000	157.162168
1.800000	7.300000	161.589271
1.800000	7.500000	166.016375
1.800000	7.700000	170.443478
1.800000	7.900000	174.870581
2.000000	0.500000	12.297509
2.000000	0.700000	17.216513
2.000000	0.900000	22.135517
2.000000	1.100000	27.054520
2.000000	1.300000	31.973524
2.000000	1.500000	36.892528
2.000000	1.700000	41.811531
2.000000	1.900000	46.730535
2.000000	2.100000	51.649539
2.000000	2.300000	56.568542
2.000000	2.500000	61.487546
2.000000	2.700000	66.406550
2.000000	2.900000	71.325554
2.000000	3.100000	76.244557
2.000000	3.300000	81.163561
2.000000	3.500000	86.082565
2.000000	3.700000	91.001568
2.000000	3.900000	95.920572
2.000000	4.100000	100.839576
2.000000	4.300000	105.758579
2.000000	4.500000	110.677583
2.000000	4.700000	115.596587
2.000000	4.900000	120.515591
2.000000	5.100000	125.434594
2.000000	5.300000	130.353598
2.000000	5.500000	135.272602
2.000000	5.700000	140.191605
2.000000	5.900000	145.110609
2.000000	6.100000	150.029613
2.000000	6.300000	154.948616
2.000000	6.500000	159.867620
2.000000	6.700000	164.786624
2.000000	6.900000	169.705627
2.000000	7.100000	174.624631
2.000000	7.300000	179.543635
2.000000	7.500000	184.462639
2.000000	7.700000	189.381642
2.000000	7.900000	194.300646
2.200000	0.500000	13.527260
2.200000	0.700000	18.938164
2.200000	0.900000	24.349068
2.200000	1.100000	29.759972
2.200000	1.300000	35.170876
2.200000	1.500000	40.581780
2.200000	1.700000	45.992685
2.200000	1.900000	51.403589
2.200000	2.100000	56.814493
2.200000	2.300000	62.225397
2.200000	2.500000	67.636301
2.200000	2.700000	73.047205
2.200000	2.900000	78.458109
2.200000	3.100000	83.869013
2.200000	3.300000	89.279917
2.200000	3.500000	94.690821
2.200000	3.700000	100.101725
2.200000	3.900000	105.512629
2.200000	4.100000	110.923533
2.200000	4.300000	116.334437
2.200000	4.500000	121.745341
2.200000	4.700000	127.156246
2.200000	4.900000	132.567150
2.200000	5.100000	137.978054
2.200000	5.300000	143.388958
2.200000	5.500000	148.799862
2.200000	5.700000	154.210766
2.200000	5.900000	159.621670
2.200000	6.100000	165.032574
2.200000	6.300000	170.443478
2.200000	6.500000	175.854382
2.200000	6.700000	181.265286
2.200000	6.900000	186.676190
2.200000	7.100000	192.087094
2.200000	7.300000	197.497998
2.200000	7.500000	202.908902
2.200000	7.700000	208.319806
2.200000	7.900000	213.730711
2.400000	0.500000	14.757011
2.400000	0.700000	20.659816
2.400000	0.900000	26.562620
2.400000	1.100000	32.465424
2.400000	1.300000	38.368229
2.400000	1.500000	44.271033
2.400000	1.700000	50.173838
2.400000	1.900000	56.076642
2.400000	2.100000	61.979447
2.400000	2.300000	67.882251
2.400000	2.500000	73.785055
2.400000	2.700000	79.687860
2.400000	2.900000	85.590664
2.400000	3.100000	91.493469
2.400000	3.300000	97.396273
2.400000	3.500000	103.299078
2.400000	3.700000	109.201882
2.400000	3.900000	115.104686
2.400000	4.100000	121.007491
2.400000	4.300000	126.910295
2.400000	4.500000	132.813100
2.400000	4.700000	138.715904
2.400000	4.900000	144.618709
2.400000	5.100000	150.521513
2.400000	5.300000	156.424318
2.400000	5.500000	162.327122
2.400000	5.700000	168.229926
2.400000	5.900000	174.132731
2.400000	6.100000	180.035535
2.400000	6.300000	185.938340
2.400000	6.500000	191.841144
2.400000	6.700000	197.743949
2.400000	6.900000	203.646753
2.400000	7.100000	209.549557
2.400000	7.300000	215.452362
2.400000	7.500000	221.355166
2.400000	7.700000	227.257971
2.400000	7.900000	233.160775
2.600000	0.500000	15.986762
2.600000	0.700000	22.381467
2.600000	0.900000	28.776172
2.600000	1.100000	35.170876
2.600000	1.300000	41.565581
2.600000	1.500000	47.960286
2.600000	1.700000	54.354991
2.600000	1.900000	60.749696
2.600000	2.100000	67.144400
2.600000	2.300000	73.539105
2.600000	2.500000	79.933810
2.600000	2.700000	86.328515
2.600000	2.900000	92.723220
2.600000	3.100000	99.117924
2.600000	3.300000	105.512629
2.600000	3.500000	111.907334
2.600000	3.700000	118.302039
2.600000	3.900000	124.696744
2.600000	4.100000	131.091448
2.600000	4.300000	137.486153
2.600000	4.500000	143.880858
2.600000	4.700000	150.275563
2.600000	4.900000	156.670268
2.600000	5.100000	163.064972
2.600000	5.300000	169.459677
2.600000	5.500000	175.854382
2.600000	5.700000	182.249087
2.600000	5.900000	188.643792
2.600000	6.100000	195.038497
2.600000	6.300000	201.433201
2.600000	6.500000	207.827906
2.600000	6.700000	214.222611
2.600000	6.900000	220.617316
2.600000	7.100000	227.012021
2.600000	7.300000	233.406725
2.600000	7.500000	239.801430
2.600000	7.700000	246.196135
2.600000	7.900000	252.590840
2.800000	0.500000	17.216513
2.800000	0.700000	24.103118
2.800000	0.900000	30.989723
2.800000	1.100000	37.876328
2.800000	1.300000	44.762934
2.800000	1.500000	51.649539
2.800000	1.700000	58.536144
2.800000	1.900000	65.422749
2.800000	2.100000	72.309354
2.800000	2.300000	79.195959
2.800000	2.500000	86.082565
2.800000	2.700000	92.969170
2.800000	2.900000	99.855775
2.800000	3.100000	106.742380
2.800000	3.300000	113.628985
2.800000	3.500000	120.515591
2.800000	3.700000	127.402196
2.800000	3.900000	134.288801
2.800000	4.100000	141.175406
2.800000	4.300000	148.062011
2.800000	4.500000	154.948616
2.800000	4.700000	161.835222
2.800000	4.900000	168.721827
2.800000	5.100000	175.608432
2.800000	5.300000	182.495037
2.800000	5.500000	189.381642
2.800000	5.700000	196.268247
2.800000	5.900000	203.154853
2.800000	6.100000	210.041458
2.800000	6.300000	216.928063
2.800000	6.500000	223.814668
2.800000	6.700000	230.701273
2.800000	6.900000	237.587878
2.800000	7.100000	244.474484
2.800000	7.300000	251.361089
2.800000	7.500000	258.247694
2.800000	7.700000	265.134299
2.800000	7.900000	272.020904
3.000000	0.500000	18.446264
3.000000	0.700000	25.824769
3.000000	0.900000	33.203275
3.000000	1.100000	40.581780
3.000000	1.300000	47.960286
3.000000	1.500000	55.338792
3.000000	1.700000	62.717297
3.000000	1.900000	70.095803
3.000000	2.100000	77.474308
3.000000	2.300000	84.852814
3.000000	2.500000	92.231319
3.000000	2.700000	99.609825
3.000000	2.900000	106.988330
3.000000	3.100000	114.366836
3.000000	3.300000	121.745341
3.000000	3.500000	129.123847
3.000000	3.700000	136.502353
3.000000	3.900000	143.880858
3.000000	4.100000	151.259364
3.000000	4.300000	158.637869
3.000000	4.500000	166.016375
3.000000	4.700000	173.394880
3.000000	4.900000	180.773386
3.000000	5.100000	188.151891
3.000000	5.300000	195.530397
3.000000	5.500000	202.908902
3.000000	5.700000	210.287408
3.000000	5.900000	217.665914
3.000000	6.100000	225.044419
3.000000	6.300000	232.422925
3.000000	6.500000	239.801430
3.000000	6.700000	247.179936
3.000000	6.900000	254.558441
3.000000	7.100000	261.936947
3.000000	7.300000	269.315452
3.000000	7.500000	276.693958
3.000000	7.700000	284.072463
3.000000	7.900000	291.450969
3.200000	0.500000	19.676015
3.200000	0.700000	27.546421
3.200000	0.900000	35.416827
3.200000	1.100000	43.287233
3.200000	1.300000	51.157638
3.200000	1.500000	59.028044
3.200000	1.700000	66.898450
3.200000	1.900000	74.768856
3.200000	2.100000	82.639262
3.200000	2.300000	90.509668
3.200000	2.500000	98.380074
3.200000	2.700000	106.250480
3.200000	2.900000	114.120886
3.200000	3.100000	121.991292
3.200000	3.300000	129.861698
3.200000	3.500000	137.732103
3.200000	3.700000	145.602509
3.200000	3.900000	153.472915
3.200000	4.100000	161.343321
3.200000	4.300000	169.213727
3.200000	4.500000	177.084133
3.200000	4.700000	184.954539
3.200000	4.900000	192.824945
3.200000	5.100000	200.695351
3.200000	5.300000	208.565757
3.200000	5.500000	216.436163
3.200000	5.700000	224.306569
3.200000	5.900000	232.176974
3.200000	6.100000	240.047380
3.200000	6.300000	247.917786
3.200000	6.500000	255.788192
3.200000	6.700000	263.658598
3.200000	6.900000	271.529004
3.200000	7.100000	279.399410
3.200000	7.300000	287.269816
3.200000	7.500000	295.140222
3.200000	7.700000	303.010628
3.200000	7.900000	310.881034
3.400000	0.500000	20.905766
3.400000	0.700000	29.268072
3.400000	0.900000	37.630378
3.400000	1.100000	45.992685
3.400000	1.300000	54.354991
3.400000	1.500000	62.717297
3.400000	1.700000	71.079603
3.400000	1.900000	79.441910
3.400000	2.100000	87.804216
3.400000	2.300000	96.166522
3.400000	2.500000	104.528829
3.400000	2.700000	112.891135
3.400000	2.900000	121.253441
3.400000	3.100000	129.615747
3.400000	3.300000	137.978054
3.400000	3.500000	146.340360
3.400000	3.700000	154.702666
3.400000	3.900000	163.064972
3.400000	4.100000	171.427279
3.400000	4.300000	179.789585
3.400000	4.500000	188.151891
3.400000	4.700000	196.514198
3.400000	4.900000	204.876504
3.400000	5.100000	213.238810
3.400000	5.300000	221.601116
3.400000	5.500000	229.963423
3.400000	5.700000	238.325729
3.400000	5.900000	246.688035
3.400000	6.100000	255.050342
3.400000	6.300000	263.412648
3.400000	6.500000	271.774954
3.400000	6.700000	280.137260
3.400000	6.900000	288.499567
3.400000	7.100000	296.861873
3.400000	7.300000	305.224179
3.400000	7.500000	313.586486
3.400000	7.700000	321.948792
3.400000	7.900000	330.311098
3.600000	0.500000	22.135517
3.600000	0.700000	30.989723
3.600000	0.900000	39.843930
3.600000	1.100000	48.698137
3.600000	1.300000	57.552343
3.600000	1.500000	66.406550
3.600000	1.700000	75.260757
3.600000	1.900000	84.114963
3.600000	2.100000	92.969170
3.600000	2.300000	101.823376
3.600000	2.500000	110.677583
3.600000	2.700000	119.531790
3.600000	2.900000	128.385996
3.600000	3.100000	137.240203
3.600000	3.300000	146.094410
3.600000	3.500000	154.948616
3.600000	3.700000	163.802823
3.600000	3.900000	172.657030
3.600000	4.100000	181.511236
3.600000	4.300000	190.365443
3.600000	4.500000	199.219650
3.600000	4.700000	208.073856
3.600000	4.900000	216.928063
3.600000	5.100000	225.782270
3.600000	5.300000	234.636476
3.600000	5.500000	243.490683
3.600000	5.700000	252.344890
3.600000	5.900000	261.199096
3.600000	6.100000	270.053303
3.600000	6.300000	278.907510
3.600000	6.500000	287.761716
3.600000	6.700000	296.615923
3.600000	6.900000	305.470129
3.600000	7.100000	314.324336
3.600000	7.300000	323.178543
3.600000	7.500000	332.032749
3.600000	7.700000	340.886956
3.600000	7.900000	349.741163
3.800000	0.500000	23.365268
3.800000	0.700000	32.711375
3.800000	0.900000	42.057482
3.800000	1.100000	51.403589
3.800000	1.300000	60.749696
3.800000	1.500000	70.095803
3.800000	1.700000	79.441910
3.800000	1.900000	88.788017
3.800000	2.100000	98.134124
3.800000	2.300000	107.480231
3.800000	2.500000	116.826338
3.800000	2.700000	126.172445
3.800000	2.900000	135.518552
3.800000	3.100000	144.864659
3.800000	3.300000	154.210766
3.800000	3.500000	163.556873
3.800000	3.700000	172.902980
3.800000	3.900000	182.249087
3.800000	4.100000	191.595194
3.800000	4.300000	200.941301
3.800000	4.500000	210.287408
3.800000	4.700000	219.633515
3.800000	4.900000	228.979622
3.800000	5.100000	238.325729
3.800000	5.300000	247.671836
3.800000	5.500000	257.017943
3.800000	5.700000	266.364050
3.800000	5.900000	275.710157
3.800000	6.100000	285.056264
3.800000	6.300000	294.402371
3.800000	6.500000	303.748478
3.800000	6.700000	313.094585
3.800000	6.900000	322.440692
3.800000	7.100000	331.786799
3.800000	7.300000	341.132906
3.800000	7.500000	350.479013
3.800000	7.700000	359.825120
3.800000	7.900000	369.171227
4.000000	0.500000	24.595018
4.000000	0.700000	34.433026
4.000000	0.900000	44.271033
4.000000	1.100000	54.109041
4.000000	1.300000	63.947048
4.000000	1.500000	73.785055
4.000000	1.700000	83.623063
4.000000	1.900000	93.461070
4.000000	2.100000	103.299078
4.000000	2.300000	113.137085
4.000000	2.500000	122.975092
4.000000	2.700000	132.813100
4.000000	2.900000	142.651107
4.000000	3.100000	152.489115
4.000000	3.300000	162.327122
4.000000	3.500000	172.165129
4.000000	3.700000	182.003137
4.000000	3.900000	191.841144
4.000000	4.100000	201.679152
4.000000	4.300000	211.517159
4.000000	4.500000	221.355166
4.000000	4.700000	231.193174
4.000000	4.900000	241.031181
4.000000	5.100000	250.869188
4.000000	5.300000	260.707196
4.000000	5.500000	270.545203
4.000000	5.700000	280.383211
4.000000	5.900000	290.221218
4.000000	6.100000	300.059225
4.000000	6.300000	309.897233
4.000000	6.500000	319.735240
4.000000	6.700000	329.573248
4.000000	6.900000	339.411255
4.000000	7.100000	349.249262
4.000000	7.300000	359.087270
4.000000	7.500000	368.925277
4.000000	7.700000	378.763285
4.000000	7.900000	388.601292
4.200000	0.500000	25.824769
4.200000	0.700000	36.154677
4.200000	0.900000	46.484585
4.200000	1.100000	56.814493
4.200000	1.300000	67.144400
4.200000	1.500000	77.474308
4.200000	1.700000	87.804216
4.200000	1.900000	98.134124
4.200000	2.100000	108.464031
4.200000	2.300000	118.793939
4.200000	2.500000	129.123847
4.200000	2.700000	139.453755
4.200000	2.900000	149.783663
4.200000	3.100000	160.113570
4.200000	3.300000	170.443478
4.200000	3.500000	180.773386
4.200000	3.700000	191.103294
4.200000	3.900000	201.433201
4.200000	4.100000	211.763109
4.200000	4.300000	222.093017
4.200000	4.500000	232.422925
4.200000	4.700000	242.752832
4.200000	4.900000	253.082740
4.200000	5.100000	263.412648
4.200000	5.300000	273.742556
4.200000	5.500000	284.072463
4.200000	5.700000	294.402371
4.200000	5.900000	304.732279
4.200000	6.100000	315.062187
4.200000	6.300000	325.392094
4.200000	6.500000	335.722002
4.200000	6.700000	346.051910
4.200000	6.900000	356.381818
4.200000	7.100000	366.711725
4.200000	7.300000	377.041633
4.200000	7.500000	387.371541
4.200000	7.700000	397.701449
4.200000	7.900000	408.031357
4.400000	0.500000	27.054520
4.400000	0.700000	37.876328
4.400000	0.900000	48.698137
4.400000	1.100000	59.519945
4.400000	1.300000	70.341753
4.400000	1.500000	81.163561
4.400000	1.700000	91.985369
4.400000	1.900000	102.807177
4.400000	2.100000	113.628985
4.400000	2.300000	124.450793
4.400000	2.500000	135.272602
4.400000	2.700000	146.094410
4.400000	2.900000	156.916218
4.400000	3.100000	167.738026
4.400000	3.300000	178.559834
4.400000	3.500000	189.381642
4.400000	3.700000	200.203450
4.400000	3.900000	211.025259
4.400000	4.100000	221.847067
4.400000	4.300000	232.668875
4.400000	4.500000	243.490683
4.400000	4.700000	254.312491
4.400000	4.900000	265.134299
4.400000	5.100000	275.956107
4.400000	5.300000	286.777915
4.400000	5.500000	297.599724
4.400000	5.700000	308.421532
4.400000	5.900000	319.243340
4.400000	6.100000	330.065148
4.400000	6.300000	340.886956
4.400000	6.500000	351.708764
4.400000	6.700000	362.530572
4.400000	6.900000	373.352380
4.400000	7.100000	384.174189
4.400000	7.300000	394.995997
4.400000	7.500000	405.817805
4.400000	7.700000	416.639613
4.400000	7.900000	427.461421
4.600000	0.500000	28.284271
4.600000	0.700000	39.597980
4.600000	0.900000	50.911688
4.600000	1.100000	62.225397
4.600000	1.300000	73.539105
4.600000	1.500000	84.852814
4.600000	1.700000	96.166522
4.600000	1.900000	107.480231
4.600000	2.100000	118.793939
4.600000	2.300000	130.107648
4.600000	2.500000	141.421356
4.600000	2.700000	152.735065
4.600000	2.900000	164.048773
4.600000	3.100000	175.362482
4.600000	3.300000	186.676190
4.600000	3.500000	197.989899
4.600000	3.700000	209.303607
4.600000	3.900000	220.617316
4.600000	4.100000	231.931024
4.600000	4.300000	243.244733
4.600000	4.500000	254.558441
4.600000	4.700000	265.872150
4.600000	4.900000	277.185858
4.600000	5.100000	288.499567
4.600000	5.300000	299.813275
4.600000	5.500000	311.126984
4.600000	5.700000	322.440692
4.600000	5.900000	333.754401
4.600000	6.100000	345.068109
4.600000	6.300000	356.381818
4.600000	6.500000	367.695526
4.600000	6.700000	379.009235
4.600000	6.900000	390.322943
4.600000	7.100000	401.636652
4.600000	7.300000	412.950360
4.600000	7.500000	424.264069
4.600000	7.700000	435.577777
4.600000	7.900000	446.891486
4.800000	0.500000	29.514022
4.800000	0.700000	41.319631
4.800000	0.900000	53.125240
4.800000	1.100000	64.930849
4.800000	1.300000	76.736458
4.800000	1.500000	88.542067
4.800000	1.700000	100.347675
4.800000	1.900000	112.153284
4.800000	2.100000	123.958893
4.800000	2.300000	135.764502
4.800000	2.500000	147.570111
4.800000	2.700000	159.375720
4.800000	2.900000	171.181329
4.800000	3.100000	182.986937
4.800000	3.300000	194.792546
4.800000	3.500000	206.598155
4.800000	3.700000	218.403764
4.800000	3.900000	230.209373
4.800000	4.100000	242.014982
4.800000	4.300000	253.820591
4.800000	4.500000	265.626200
4.800000	4.700000	277.431808
4.800000	4.900000	289.237417
4.800000	5.100000	301.043026
4.800000	5.300000	312.848635
4.800000	5.500000	324.654244
4.800000	5.700000	336.459853
4.800000	5.900000	348.265462
4.800000	6.100000	360.071070
4.800000	6.300000	371.876679
4.800000	6.500000	383.682288
4.800000	6.700000	395.487897
4.800000	6.900000	407.293506
4.800000	7.100000	419.099115
4.800000	7.300000	430.904724
4.800000	7.500000	442.710333
4.800000	7.700000	454.515941
4.800000	7.900000	466.321550
5.000000	0.500000	30.743773
5.000000	0.700000	43.041282
5.000000	0.900000	55.338792
5.000000	1.100000	67.636301
5.000000	1.300000	79.933810
5.000000	1.500000	92.231319
5.000000	1.700000	104.528829
5.000000	1.900000	116.826338
5.000000	2.100000	129.123847
5.000000	2.300000	141.421356
5.000000	2.500000	153.718865
5.000000	2.700000	166.016375
5.000000	2.900000	178.313884
5.000000	3.100000	190.611393
5.000000	3.300000	202.908902
5.000000	3.500000	215.206412
5.000000	3.700000	227.503921
5.000000	3.900000	239.801430
5.000000	4.100000	252.098939
5.000000	4.300000	264.396449
5.000000	4.500000	276.693958
5.000000	4.700000	288.991467
5.000000	4.900000	301.288976
5.000000	5.100000	313.586486
5.000000	5.300000	325.883995
5.000000	5.500000	338.181504
5.000000	5.700000	350.479013
5.000000	5.900000	362.776523
5.000000	6.100000	375.074032
5.000000	6.300000	387.371541
5.000000	6.500000	399.669050
5.000000	6.700000	411.966559
5.000000	6.900000	424.264069
5.000000	7.100000	436.561578
5.000000	7.300000	448.859087
5.000000	7.500000	461.156596
5.000000	7.700000	473.454106
5.000000	7.900000	485.751615
5.200000	0.500000	31.973524
5.200000	0.700000	44.762934
5.200000	0.900000	57.552343
5.200000	1.100000	70.341753
5.200000	1.300000	83.131162
5.200000	1.500000	95.920572
5.200000	1.700000	108.709982
5.200000	1.900000	121.499391
5.200000	2.100000	134.288801
5.200000	2.300000	147.078210
5.200000	2.500000	159.867620
5.200000	2.700000	172.657030
5.200000	2.900000	185.446439
5.200000	3.100000	198.235849
5.200000	3.300000	211.025259
5.200000	3.500000	223.814668
5.200000	3.700000	236.604078
5.200000	3.900000	249.393487
5.200000	4.100000	262.182897
5.200000	4.300000	274.972307
5.200000	4.500000	287.761716
5.200000	4.700000	300.551126
5.200000	4.900000	313.340535
5.200000	5.100000	326.129945
5.200000	5.300000	338.919355
5.200000	5.500000	351.708764
5.200000	5.700000	364.498174
5.200000	5.900000	377.287583
5.200000	6.100000	390.076993
5.200000	6.300000	402.866403
5.200000	6.500000	415.655812
5.200000	6.700000	428.445222
5.200000	6.900000	441.234631
5.200000	7.100000	454.024041
5.200000	7.300000	466.813451
5.200000	7.500000	479.602860
5.200000	7.700000	492.392270
5.200000	7.900000	505.181679
5.400000	0.500000	33.203275
5.400000	0.700000	46.484585
5.400000	0.900000	59.765895
5.400000	1.100000	73.047205
5.400000	1.300000	86.328515
5.400000	1.500000	99.609825
5.400000	1.700000	112.891135
5.400000	1.900000	126.172445
5.400000	2.100000	139.453755
5.400000	2.300000	152.735065
5.400000	2.500000	166.016375
5.400000	2.700000	179.297685
5.400000	2.900000	192.578995
5.400000	3.100000	205.860305
5.400000	3.300000	219.141615
5.400000	3.500000	232.422925
5.400000	3.700000	245.704235
5.400000	3.900000	258.985545
5.400000	4.100000	272.266855
5.400000	4.300000	285.548165
5.400000	4.500000	298.829474
5.400000	4.700000	312.110784
5.400000	4.900000	325.392094
5.400000	5.100000	338.673404
5.400000	5.300000	351.954714
5.400000	5.500000	365.236024
5.400000	5.700000	378.517334
5.400000	5.900000	391.798644
5.400000	6.100000	405.079954
5.400000	6.300000	418.361264
5.400000	6.500000	431.642574
5.400000	6.700000	444.923884
5.400000	6.900000	458.205194
5.400000	7.100000	471.486504
5.400000	7.300000	484.767814
5.400000	7.500000	498.049124
5.400000	7.700000	511.330434
5.400000	7.900000	524.611744
5.600000	0.500000	34.433026
5.600000	0.700000	48.206236
5.600000	0.900000	61.979447
5.600000	1.100000	75.752657
5.600000	1.300000	89.525867
5.600000	1.500000	103.299078
5.600000	1.700000	117.072288
5.600000	1.900000	130.845498
5.600000	2.100000	144.618709
5.600000	2.300000	158.391919
5.600000	2.500000	172.165129
5.600000	2.700000	185.938340
5.600000	2.900000	199.711550
5.600000	3.100000	213.484760
5.600000	3.300000	227.257971
5.600000	3.500000	241.031181
5.600000	3.700000	254.804391
5.600000	3.900000	268.577602
5.600000	4.100000	282.350812
5.600000	4.300000	296.124022
5.600000	4.500000	309.897233
5.600000	4.700000	323.670443
5.600000	4.900000	337.443653
5.600000	5.100000	351.216864
5.600000	5.300000	364.990074
5.600000	5.500000	378.763285
5.600000	5.700000	392.536495
5.600000	5.900000	406.309705
5.600000	6.100000	420.082916
5.600000	6.300000	433.856126
5.600000	6.500000	447.629336
5.600000	6.700000	461.402547
5.600000	6.900000	475.175757
5.600000	7.100000	488.948967
5.600000	7.300000	502.722178
5.600000	7.500000	516.495388
5.600000	7.700000	530.268598
5.600000	7.900000	544.041809
5.800000	0.500000	35.662777
5.800000	0.700000	49.927888
5.800000	0.900000	64.192998
5.800000	1.100000	78.458109
5.800000	1.300000	92.723220
5.800000	1.500000	106.988330
5.800000	1.700000	121.253441
5.800000	1.900000	135.518552
5.800000	2.100000	149.783663
5.800000	2.300000	164.048773
5.800000	2.500000	178.313884
5.800000	2.700000	192.578995
5.800000	2.900000	206.844105
5.800000	3.100000	221.109216
5.800000	3.300000	235.374327
5.800000	3.500000	249.639438
5.800000	3.700000	263.904548
5.800000	3.900000	278.169659
5.800000	4.100000	292.434770
5.800000	4.300000	306.699880
5.800000	4.500000	320.964991
5.800000	4.700000	335.230102
5.800000	4.900000	349.495213
5.800000	5.100000	363.760323
5.800000	5.300000	378.025434
5.800000	5.500000	392.290545
5.800000	5.700000	406.555655
5.800000	5.900000	420.820766
5.800000	6.100000	435.085877
5.800000	6.300000	449.350988
5.800000	6.500000	463.616098
5.800000	6.700000	477.881209
5.800000	6.900000	492.146320
5.800000	7.100000	506.411430
5.800000	7.300000	520.676541
5.800000	7.500000	534.941652
5.800000	7.700000	549.206763
5.800000	7.900000	563.471873
6.000000	0.500000	36.892528
6.000000	0.700000	51.649539
6.000000	0.900000	66.406550
6.000000	1.100000	81.163561
6.000000	1.300000	95.920572
6.000000	1.500000	110.677583
6.000000	1.700000	125.434594
6.000000	1.900000	140.191605
6.000000	2.100000	154.948616
6.000000	2.300000	169.705627
6.000000	2.500000	184.462639
6.000000	2.700000	199.219650
6.000000	2.900000	213.976661
6.000000	3.100000	228.733672
6.000000	3.300000	243.490683
6.000000	3.500000	258.247694
6.000000	3.700000	273.004705
6.000000	3.900000	287.761716
6.000000	4.100000	302.518727
6.000000	4.300000	317.275738
6.000000	4.500000	332.032749
6.000000	4.700000	346.789761
6.000000	4.900000	361.546772
6.000000	5.100000	376.303783
6.000000	5.300000	391.060794
6.000000	5.500000	405.817805
6.000000	5.700000	420.574816
6.000000	5.900000	435.331827
6.000000	6.100000	450.088838
6.000000	6.300000	464.845849
6.000000	6.500000	479.602860
6.000000	6.700000	494.359871
6.000000	6.900000	509.116882
6.000000	7.100000	523.873894
6.000000	7.300000	538.630905
6.000000	7.500000	553.387916
6.000000	7.700000	568.144927
6.000000	7.900000	582.901938
6.200000	0.500000	38.122279
6.200000	0.700000	53.371190
6.200000	0.900000	68.620102
6.200000	1.100000	83.869013
6.200000	1.300000	99.117924
6.200000	1.500000	114.366836
6.200000	1.700000	129.615747
6.200000	1.900000	144.864659
6.200000	2.100000	160.113570
6.200000	2.300000	175.362482
6.200000	2.500000	190.611393
6.200000	2.700000	205.860305
6.200000	2.900000	221.109216
6.200000	3.100000	236.358128
6.200000	3.300000	251.607039
6.200000	3.500000	266.855950
6.200000	3.700000	282.104862
6.200000	3.900000	297.353773
6.200000	4.100000	312.602685
6.200000	4.300000	327.851596
6.200000	4.500000	343.100508
6.200000	4.700000	358.349419
6.200000	4.900000	373.598331
6.200000	5.100000	388.847242
6.200000	5.300000	404.096154
6.200000	5.500000	419.345065
6.200000	5.700000	434.593976
6.200000	5.900000	449.842888
6.200000	6.100000	465.091799
6.200000	6.300000	480.340711
6.200000	6.500000	495.589622
6.200000	6.700000	510.838534
6.200000	6.900000	526.087445
6.200000	7.100000	541.336357
6.200000	7.300000	556.585268
6.200000	7.500000	571.834180
6.200000	7.700000	587.083091
6.200000	7.900000	602.332002
6.400000	0.500000	39.352030
6.400000	0.700000	55.092841
6.400000	0.900000	70.833653
6.400000	1.100000	86.574465
6.400000	1.300000	102.315277
6.400000	1.500000	118.056089
6.400000	1.700000	133.796901
6.400000	1.900000	149.537712
6.400000	2.100000	165.278524
6.400000	2.300000	181.019336
6.400000	2.500000	196.760148
6.400000	2.700000	212.500960
6.400000	2.900000	228.241771
6.400000	3.100000	243.982583
6.400000	3.300000	259.723395
6.400000	3.500000	275.464207
6.400000	3.700000	291.205019
6.400000	3.900000	306.945831
6.400000	4.100000	322.686642
6.400000	4.300000	338.427454
6.400000	4.500000	354.168266
6.400000	4.700000	369.909078
6.400000	4.900000	385.649890
6.400000	5.100000	401.390702
6.400000	5.300000	417.131513
6.400000	5.500000	432.872325
6.400000	5.700000	448.613137
6.400000	5.900000	464.353949
6.400000	6.100000	480.094761
6.400000	6.300000	495.835572
6.400000	6.500000	511.576384
6.400000	6.700000	527.317196
6.400000	6.900000	543.058008
6.400000	7.100000	558.798820
6.400000	7.300000	574.539632
6.400000	7.500000	590.280443
6.400000	7.700000	606.021255
6.400000	7.900000	621.762067
6.600000	0.500000	40.581780
6.600000	0.700000	56.814493
6.600000	0.900000	73.047205
6.600000	1.100000	89.279917
6.600000	1.300000	105.512629
6.600000	1.500000	121.745341
6.600000	1.700000	137.978054
6.600000	1.900000	154.210766
6.600000	2.100000	170.443478
6.600000	2.300000	186.676190
6.600000	2.500000	202.908902
6.600000	2.700000	219.141615
6.600000	2.900000	235.374327
6.600000	3.100000	251.607039
6.600000	3.300000	267.839751
6.600000	3.500000	284.072463
6.600000	3.700000	300.305176
6.600000	3.900000	316.537888
6.600000	4.100000	332.770600
6.600000	4.300000	349.003312
6.600000	4.500000	365.236024
6.600000	4.700000	381.468737
6.600000	4.900000	397.701449
6.600000	5.100000	413.934161
6.600000	5.300000	430.166873
6.600000	5.500000	446.399585
6.600000	5.700000	462.632298
6.600000	5.900000	478.865010
6.600000	6.100000	495.097722
6.600000	6.300000	511.330434
6.600000	6.500000	527.563146
6.600000	6.700000	543.795859
6.600000	6.900000	560.028571
6.600000	7.100000	576.261283
6.600000	7.300000	592.493995
6.600000	7.500000	608.726707
6.600000	7.700000	624.959419
6.600000	7.900000	641.192132
6.800000	0.500000	41.811531
6.800000	0.700000	58.536144
6.800000	0.900000	75.260757
6.800000	1.100000	91.985369
6.800000	1.300000	108.709982
6.800000	1.500000	125.434594
6.800000	1.700000	142.159207
6.800000	1.900000	158.883819
6.800000	2.100000	175.608432
6.800000	2.300000	192.333044
6.800000	2.500000	209.057657
6.800000	2.700000	225.782270
6.800000	2.900000	242.506882
6.800000	3.100000	259.231495
6.800000	3.300000	275.956107
6.800000	3.500000	292.680720
6.800000	3.700000	309.405332
6.800000	3.900000	326.129945
6.800000	4.100000	342.854558
6.800000	4.300000	359.579170
6.800000	4.500000	376.303783
6.800000	4.700000	393.028395
6.800000	4.900000	409.753008
6.800000	5.100000	426.477620
6.800000	5.300000	443.202233
6.800000	5.500000	459.926846
6.800000	5.700000	476.651458
6.800000	5.900000	493.376071
6.800000	6.100000	510.100683
6.800000	6.300000	526.825296
6.800000	6.500000	543.549908
6.800000	6.700000	560.274521
6.800000	6.900000	576.999133
6.800000	7.100000	593.723746
6.800000	7.300000	610.448359
6.800000	7.500000	627.172971
6.800000	7.700000	643.897584
6.800000	7.900000	660.622196
7.000000	0.500000	43.041282
7.000000	0.700000	60.257795
7.000000	0.900000	77.474308
7.000000	1.100000	94.690821
7.000000	1.300000	111.907334
7.000000	1.500000	129.123847
7.000000	1.700000	146.340360
7.000000	1.900000	163.556873
7.000000	2.100000	180.773386
7.000000	2.300000	197.989899
7.000000	2.500000	215.206412
7.000000	2.700000	232.422925
7.000000	2.900000	249.639438
7.000000	3.100000	266.855950
7.000000	3.300000	284.072463
7.000000	3.500000	301.288976
7.000000	3.700000	318.505489
7.000000	3.900000	335.722002
7.000000	4.100000	352.938515
7.000000	4.300000	370.155028
7.000000	4.500000	387.371541
7.000000	4.700000	404.588054
7.000000	4.900000	421.804567
7.000000	5.100000	439.021080
7.000000	5.300000	456.237593
7.000000	5.500000	473.454106
7.000000	5.700000	490.670619
7.000000	5.900000	507.887132
7.000000	6.100000	525.103644
7.000000	6.300000	542.320157
7.000000	6.500000	559.536670
7.000000	6.700000	576.753183
7.000000	6.900000	593.969696
7.000000	7.100000	611.186209
7.000000	7.300000	628.402722
7.000000	7.500000	645.619235
7.000000	7.700000	662.835748
7.000000	7.900000	680.052261
7.200000	0.500000	44.271033
7.200000	0.700000	61.979447
7.200000	0.900000	79.687860
7.200000	1.100000	97.396273
7.200000	1.300000	115.104686
7.200000	1.500000	132.813100
7.200000	1.700000	150.521513
7.200000	1.900000	168.229926
7.200000	2.100000	185.938340
7.200000	2.300000	203.646753
7.200000	2.500000	221.355166
7.200000	2.700000	239.063580
7.200000	2.900000	256.771993
7.200000	3.100000	274.480406
7.200000	3.300000	292.188819
7.200000	3.500000	309.897233
7.200000	3.700000	327.605646
7.200000	3.900000	345.314059
7.200000	4.100000	363.022473
7.200000	4.300000	380.730886
7.200000	4.500000	398.439299
7.200000	4.700000	416.147713
7.200000	4.900000	433.856126
7.200000	5.100000	451.564539
7.200000	5.300000	469.272953
7.200000	5.500000	486.981366
7.200000	5.700000	504.689779
7.200000	5.900000	522.398192
7.200000	6.100000	540.106606
7.200000	6.300000	557.815019
7.200000	6.500000	575.523432
7.200000	6.700000	593.231846
7.200000	6.900000	610.940259
7.200000	7.100000	628.648672
7.200000	7.300000	646.357086
7.200000	7.500000	664.065499
7.200000	7.700000	681.773912
7.200000	7.900000	699.482325
7.400000	0.500000	45.500784
7.400000	0.700000	63.701098
7.400000	0.900000	81.901412
7.400000	1.100000	100.101725
7.400000	1.300000	118.302039
7.400000	1.500000	136.502353
7.400000	1.700000	154.702666
7.400000	1.900000	172.902980
7.400000	2.100000	191.103294
7.400000	2.300000	209.303607
7.400000	2.500000	227.503921
7.400000	2.700000	245.704235
7.400000	2.900000	263.904548
7.400000	3.100000	282.104862
7.400000	3.300000	300.305176
7.400000	3.500000	318.505489
7.400000	3.700000	336.705803
7.400000	3.900000	354.906117
7.400000	4.100000	373.106430
7.400000	4.300000	391.306744
7.400000	4.500000	409.507058
7.400000	4.700000	427.707371
7.400000	4.900000	445.907685
7.400000	5.100000	464.107999
7.400000	5.300000	482.308312
7.400000	5.500000	500.508626
7.400000	5.700000	518.708940
7.400000	5.900000	536.909253
7.400000	6.100000	555.109567
7.400000	6.300000	573.309881
7.400000	6.500000	591.510194
7.400000	6.700000	609.710508
7.400000	6.900000	627.910822
7.400000	7.100000	646.111135
7.400000	7.300000	664.311449
7.400000	7.500000	682.511763
7.400000	7.700000	700.712076
7.400000	7.900000	718.912390
7.600000	0.500000	46.730535
7.600000	0.700000	65.422749
7.600000	0.900000	84.114963
7.600000	1.100000	102.807177
7.600000	1.300000	121.499391
7.600000	1.500000	140.191605
7.600000	1.700000	158.883819
7.600000	1.900000	177.576033
7.600000	2.100000	196.268247
7.600000	2.300000	214.960461
7.600000	2.500000	233.652676
7.600000	2.700000	252.344890
7.600000	2.900000	271.037104
7.600000	3.100000	289.729318
7.600000	3.300000	308.421532
7.600000	3.500000	327.113746
7.600000	3.700000	345.805960
7.600000	3.900000	364.498174
7.600000	4.100000	383.190388
7.600000	4.300000	401.882602
7.600000	4.500000	420.574816
7.600000	4.700000	439.267030
7.600000	4.900000	457.959244
7.600000	5.100000	476.651458
7.600000	5.300000	495.343672
7.600000	5.500000	514.035886
7.600000	5.700000	532.728100
7.600000	5.900000	551.420314
7.600000	6.100000	570.112528
7.600000	6.300000	588.804742
7.600000	6.500000	607.496956
7.600000	6.700000	626.189170
7.600000	6.900000	644.881384
7.600000	7.100000	663.573598
7.600000	7.300000	682.265813
7.600000	7.500000	700.958027
7.600000	7.700000	719.650241
7.600000	7.900000	738.342455
7.800000	0.500000	47.960286
7.800000	0.700000	67.144400
7.800000	0.900000	86.328515
7.800000	1.100000	105.512629
7.800000	1.300000	124.696744
7.800000	1.500000	143.880858
7.800000	1.700000	163.064972
7.800000	1.900000	182.249087
7.800000	2.100000	201.433201
7.800000	2.300000	220.617316
7.800000	2.500000	239.801430
7.800000	2.700000	258.985545
7.800000	2.900000	278.169659
7.800000	3.100000	297.353773
7.800000	3.300000	316.537888
7.800000	3.500000	335.722002
7.800000	3.700000	354.906117
7.800000	3.900000	374.090231
7.800000	4.100000	393.274345
7.800000	4.300000	412.458460
7.800000	4.500000	431.642574
7.800000	4.700000	450.826689
7.800000	4.900000	470.010803
7.800000	5.100000	489.194917
7.800000	5.300000	508.379032
7.800000	5.500000	527.563146
7.800000	5.700000	546.747261
7.800000	5.900000	565.931375
7.800000	6.100000	585.115490
7.800000	6.300000	604.299604
7.800000	6.500000	623.483718
7.800000	6.700000	642.667833
7.800000	6.900000	661.851947
7.800000	7.100000	681.036062
7.800000	7.300000	700.220176
7.800000	7.500000	719.404290
7.800000	7.700000	738.588405
7.800000	7.900000	757.772519
8.000000	0.500000	49.190037
8.000000	0.700000	68.866052
8.000000	0.900000	88.542067
8.000000	1.100000	108.218081
8.000000	1.300000	127.894096
8.000000	1.500000	147.570111
8.000000	1.700000	167.246126
8.000000	1.900000	186.922140
8.000000	2.100000	206.598155
8.000000	2.300000	226.274170
8.000000	2.500000	245.950185
8.000000	2.700000	265.626200
8.000000	2.900000	285.302214
8.000000	3.100000	304.978229
8.000000	3.300000	324.654244
8.000000	3.500000	344.330259
8.000000	3.700000	364.006273
8.000000	3.900000	383.682288
8.000000	4.100000	403.358303
8.000000	4.300000	423.034318
8.000000	4.500000	442.710333
8.000000	4.700000	462.386347
8.000000	4.900000	482.062362
8.000000	5.100000	501.738377
8.000000	5.300000	521.414392
8.000000	5.500000	541.090406
8.000000	5.700000	560.766421
8.000000	5.900000	580.442436
8.000000	6.100000	600.118451
8.000000	6.300000	619.794466
8.000000	6.500000	639.470480
8.000000	6.700000	659.146495
8.000000	6.900000	678.822510
8.000000	7.100000	698.498525
8.000000	7.300000	718.174540
8.000000	7.500000	737.850554
8.000000	7.700000	757.526569
8.000000	7.900000	777.202584
8.200000	0.500000	50.419788
8.200000	0.700000	70.587703
8.200000	0.900000	90.755618
8.200000	1.100000	110.923533
8.200000	1.300000	131.091448
8.200000	1.500000	151.259364
8.200000	1.700000	171.427279
8.200000	1.900000	191.595194
8.200000	2.100000	211.763109
8.200000	2.300000	231.931024
8.200000	2.500000	252.098939
8.200000	2.700000	272.266855
8.200000	2.900000	292.434770
8.200000	3.100000	312.602685
8.200000	3.300000	332.770600
8.200000	3.500000	352.938515
8.200000	3.700000	373.106430
8.200000	3.900000	393.274345
8.200000	4.100000	413.442261
8.200000	4.300000	433.610176
8.200000	4.500000	453.778091
8.200000	4.700000	473.946006
8.200000	4.900000	494.113921
8.200000	5.100000	514.281836
8.200000	5.300000	534.449751
8.200000	5.500000	554.617667
8.200000	5.700000	574.785582
8.200000	5.900000	594.953497
8.200000	6.100000	615.121412
8.200000	6.300000	635.289327
8.200000	6.500000	655.457242
8.200000	6.700000	675.625158
8.200000	6.900000	695.793073
8.200000	7.100000	715.960988
8.200000	7.300000	736.128903
8.200000	7.500000	756.296818
8.200000	7.700000	776.464733
8.200000	7.900000	796.632648
8.400000	0.500000	51.649539
8.400000	0.700000	72.309354
8.400000	0.900000	92.969170
8.400000	1.100000	113.628985
8.400000	1.300000	134.288801
8.400000	1.500000	154.948616
8.400000	1.700000	175.608432
8.400000	1.900000	196.268247
8.400000	2.100000	216.928063
8.400000	2.300000	237.587878
8.400000	2.500000	258.247694
8.400000	2.700000	278.907510
8.400000	2.900000	299.567325
8.400000	3.100000	320.227141
8.400000	3.300000	340.886956
8.400000	3.500000	361.546772
8.400000	3.700000	382.206587
8.400000	3.900000	402.866403
8.400000	4.100000	423.526218
8.400000	4.300000	444.186034
8.400000	4.500000	464.845849
8.400000	4.700000	485.505665
8.400000	4.900000	506.165480
8.400000	5.100000	526.825296
8.400000	5.300000	547.485111
8.400000	5.500000	568.144927
8.400000	5.700000	588.804742
8.400000	5.900000	609.464558
8.400000	6.100000	630.124373
8.400000	6.300000	650.784189
8.400000	6.500000	671.444004
8.400000	6.700000	692.103820
8.400000	6.900000	712.763635
8.400000	7.100000	733.423451
8.400000	7.300000	754.083266
8.400000	7.500000	774.743082
8.400000	7.700000	795.402898
8.400000	7.900000	816.062713
8.600000	0.500000	52.879290
8.600000	0.700000	74.031006
8.600000	0.900000	95.182722
8.600000	1.100000	116.334437
8.600000	1.300000	137.486153
8.600000	1.500000	158.637869
8.600000	1.700000	179.789585
8.600000	1.900000	200.941301
8.600000	2.100000	222.093017
8.600000	2.300000	243.244733
8.600000	2.500000	264.396449
8.600000	2.700000	285.548165
8.600000	2.900000	306.699880
8.600000	3.100000	327.851596
8.600000	3.300000	349.003312
8.600000	3.500000	370.155028
8.600000	3.700000	391.306744
8.600000	3.900000	412.458460
8.600000	4.100000	433.610176
8.600000	4.300000	454.761892
8.600000	4.500000	475.913608
8.600000	4.700000	497.065323
8.600000	4.900000	518.217039
8.600000	5.100000	539.368755
8.600000	5.300000	560.520471
8.600000	5.500000	581.672187
8.600000	5.700000	602.823903
8.600000	5.900000	623.975619
8.600000	6.100000	645.127335
8.600000	6.300000	666.279051
8.600000	6.500000	687.430766
8.600000	6.700000	708.582482
8.600000	6.900000	729.734198
8.600000	7.100000	750.885914
8.600000	7.300000	772.037630
8.600000	7.500000	793.189346
8.600000	7.700000	814.341062
8.600000	7.900000	835.492778
8.800000	0.500000	54.109041
8.800000	0.700000	75.752657
8.800000	0.900000	97.396273
8.800000	1.100000	119.039889
8.800000	1.300000	140.683506
8.800000	1.500000	162.327122
8.800000	1.700000	183.970738
8.800000	1.900000	205.614354
8.800000	2.100000	227.257971
8.800000	2.300000	248.901587
8.800000	2.500000	270.545203
8.800000	2.700000	292.188819
8.800000	2.900000	313.832436
8.800000	3.100000	335.476052
8.800000	3.300000	357.119668
8.800000	3.500000	378.763285
8.800000	3.700000	400.406901
8.800000	3.900000	422.050517
8.800000	4.100000	443.694133
8.800000	4.300000	465.337750
8.800000	4.500000	486.981366
8.800000	4.700000	508.624982
8.800000	4.900000	530.268598
8.800000	5.100000	551.912215
8.800000	5.300000	573.555831
8.800000	5.500000	595.199447
8.800000	5.700000	616.843063
8.800000	5.900000	638.486680
8.800000	6.100000	660.130296
8.800000	6.300000	681.773912
8.800000	6.500000	703.417528
8.800000	6.700000	725.061145
8.800000	6.900000	746.704761
8.800000	7.100000	768.348377
8.800000	7.300000	789.991993
8.800000	7.500000	811.635610
8.800000	7.700000	833.279226
8.800000	7.900000	854.922842
9.000000	0.500000	55.338792
9.000000	0.700000	77.474308
9.000000	0.900000	99.609825
9.000000	1.100000	121.745341
9.000000	1.300000	143.880858
9.000000	1.500000	166.016375
9.000000	1.700000	188.151891
9.000000	1.900000	210.287408
9.000000	2.100000	232.422925
9.000000	2.300000	254.558441
9.000000	2.500000	276.693958
9.000000	2.700000	298.829474
9.000000	2.900000	320.964991
9.000000	3.100000	343.100508
9.000000	3.300000	365.236024
9.000000	3.500000	387.371541
9.000000	3.700000	409.507058
9.000000	3.900000	431.642574
9.000000	4.100000	453.778091
9.000000	4.300000	475.913608
9.000000	4.500000	498.049124
9.000000	4.700000	520.184641
9.000000	4.900000	542.320157
9.000000	5.100000	564.455674
9.000000	5.300000	586.591191
9.000000	5.500000	608.726707
9.000000	5.700000	630.862224
9.000000	5.900000	652.997741
9.000000	6.100000	675.133257
9.000000	6.300000	697.268774
9.000000	6.500000	719.404290
9.000000	6.700000	741.539807
9.000000	6.900000	763.675324
9.000000	7.100000	785.810840
9.000000	7.300000	807.946357
9.000000	7.500000	830.081874
9.000000	7.700000	852.217390
9.000000	7.900000	874.352907
9.200000	0.500000	56.568542
9.200000	0.700000	79.195959
9.200000	0.900000	101.823376
9.200000	1.100000	124.450793
9.200000	1.300000	147.078210
9.200000	1.500000	169.705627
9.200000	1.700000	192.333044
9.200000	1.900000	214.960461
9.200000	2.100000	237.587878
9.200000	2.300000	260.215295
9.200000	2.500000	282.842712
9.200000	2.700000	305.470129
9.200000	2.900000	328.097546
9.200000	3.100000	350.724963
9.200000	3.300000	373.352380
9.200000	3.500000	395.979797
9.200000	3.700000	418.607214
9.200000	3.900000	441.234631
9.200000	4.100000	463.862048
9.200000	4.300000	486.489465
9.200000	4.500000	509.116882
9.200000	4.700000	531.744299
9.200000	4.900000	554.371716
9.200000	5.100000	576.999133
9.200000	5.300000	599.626550
9.200000	5.500000	622.253967
9.200000	5.700000	644.881384
9.200000	5.900000	667.508801
9.200000	6.100000	690.136218
9.200000	6.300000	712.763635
9.200000	6.500000	735.391052
9.200000	6.700000	758.018469
9.200000	6.900000	780.645886
9.200000	7.100000	803.273303
9.200000	7.300000	825.900720
9.200000	7.500000	848.528137
9.200000	7.700000	871.155554
9.200000	7.900000	893.782971
9.400000	0.500000	57.798293
9.400000	0.700000	80.917611
9.400000	0.900000	104.036928
9.400000	1.100000	127.156246
9.400000	1.300000	150.275563
9.400000	1.500000	173.394880
9.400000	1.700000	196.514198
9.400000	1.900000	219.633515
9.400000	2.100000	242.752832
9.400000	2.300000	265.872150
9.400000	2.500000	288.991467
9.400000	2.700000	312.110784
9.400000	2.900000	335.230102
9.400000	3.100000	358.349419
9.400000	3.300000	381.468737
9.400000	3.500000	404.588054
9.400000	3.700000	427.707371
9.400000	3.900000	450.826689
9.400000	4.100000	473.946006
9.400000	4.300000	497.065323
9.400000	4.500000	520.184641
9.400000	4.700000	543.303958
9.400000	4.900000	566.423276
9.400000	5.100000	589.542593
9.400000	5.300000	612.661910
9.400000	5.500000	635.781228
9.400000	5.700000	658.900545
9.400000	5.900000	682.019862
9.400000	6.100000	705.139180
9.400000	6.300000	728.258497
9.400000	6.500000	751.377814
9.400000	6.700000	774.497132
9.400000	6.900000	797.616449
9.400000	7.100000	820.735767
9.400000	7.300000	843.855084
9.400000	7.500000	866.974401
9.400000	7.700000	890.093719
9.400000	7.900000	913.213036
9.600000	0.500000	59.028044
9.600000	0.700000	82.639262
9.600000	0.900000	106.250480
9.600000	1.100000	129.861698
9.600000	1.300000	153.472915
9.600000	1.500000	177.084133
9.600000	1.700000	200.695351
9.600000	1.900000	224.306569
9.600000	2.100000	247.917786
9.600000	2.300000	271.529004
9.600000	2.500000	295.140222
9.600000	2.700000	318.751439
9.600000	2.900000	342.362657
9.600000	3.100000	365.973875
9.600000	3.300000	389.585093
9.600000	3.500000	413.196310
9.600000	3.700000	436.807528
9.600000	3.900000	460.418746
9.600000	4.100000	484.029964
9.600000	4.300000	507.641181
9.600000	4.500000	531.252399
9.600000	4.700000	554.863617
9.600000	4.900000	578.474835
9.600000	5.100000	602.086052
9.600000	5.300000	625.697270
9.600000	5.500000	649.308488
9.600000	5.700000	672.919706
9.600000	5.900000	696.530923
9.600000	6.100000	720.142141
9.600000	6.300000	743.753359
9.600000	6.500000	767.364576
9.600000	6.700000	790.975794
9.600000	6.900000	814.587012
9.600000	7.100000	838.198230
9.600000	7.300000	861.809447
9.600000	7.500000	885.420665
9.600000	7.700000	909.031883
9.600000	7.900000	932.643101
9.800000	0.500000	60.257795
9.800000	0.700000	84.360913
9.800000	0.900000	108.464031
9.800000	1.100000	132.567150
9.800000	1.300000	156.670268
9.800000	1.500000	180.773386
9.800000	1.700000	204.876504
9.800000	1.900000	228.979622
9.800000	2.100000	253.082740
9.800000	2.300000	277.185858
9.800000	2.500000	301.288976
9.800000	2.700000	325.392094
9.800000	2.900000	349.495213
9.800000	3.100000	373.598331
9.800000	3.300000	397.701449
9.800000	3.500000	421.804567
9.800000	3.700000	445.907685
9.800000	3.900000	470.010803
9.800000	4.100000	494.113921
9.800000	4.300000	518.217039
9.800000	4.500000	542.320157
9.800000	4.700000	566.423276
9.800000	4.900000	590.526394
9.800000	5.100000	614.629512
9.800000	5.300000	638.732630
9.800000	5.500000	662.835748
9.800000	5.700000	686.938866
9.800000	5.900000	711.041984
9.800000	6.100000	735.145102
9.800000	6.300000	759.248220
9.800000	6.500000	783.351338
9.800000	6.700000	807.454457
9.800000	6.900000	831.557575
9.800000	7.100000	855.660693
9.800000	7.300000	879.763811
9.800000	7.500000	903.866929
9.800000	7.700000	927.970047
9.800000	7.900000	952.073165
10.000000	0.500000	61.487546
10.000000	0.700000	86.082565
10.000000	0.900000	110.677583
10.000000	1.100000	135.272602
10.000000	1.300000	159.867620
10.000000	1.500000	184.462639
10.000000	1.700000	209.057657
10.000000	1.900000	233.652676
10.000000	2.100000	258.247694
10.000000	2.300000	282.842712
10.000000	2.500000	307.437731
10.000000	2.700000	332.032749
10.000000	2.900000	356.627768
10.000000	3.100000	381.222786
10.000000	3.300000	405.817805
10.000000	3.500000	430.412823
10.000000	3.700000	455.007842
10.000000	3.900000	479.602860
10.000000	4.100000	504.197879
10.000000	4.300000	528.792897
10.000000	4.500000	553.387916
10.000000	4.700000	577.982934
10.000000	4.900000	602.577953
10.000000	5.100000	627.172971
10.000000	5.300000	651.767990
10.000000	5.500000	676.363008
10.000000	5.700000	700.958027
10.000000	5.900000	725.553045
10.000000	6.100000	750.148064
10.000000	6.300000	774.743082
10.000000	6.500000	799.338100
10.000000	6.700000	823.933119
10.000000	6.900000	848.528137
10.000000	7.100000	873.123156
10.000000	7.300000	897.718174
10.000000	7.500000	922.313193
10.000000	7.700000	946.908211
10.000000	7.900000	971.503230
