Plot Name 
Original mesh grid size: 60 rows, 49 columns
x	y	z
747.000000	-19.105505	3.774858
747.000000	-18.281811	3.732777
747.000000	-17.458118	3.708093
747.000000	-16.634424	3.699142
747.000000	-15.810730	3.699991
747.000000	-14.987037	3.702406
747.000000	-14.163343	3.693881
747.000000	-13.339650	3.664561
747.000000	-12.515956	3.610937
747.000000	-11.692262	3.529331
747.000000	-10.868569	3.431552
747.000000	-10.044875	3.327393
747.000000	-9.221182	3.215848
747.000000	-8.397488	3.096194
747.000000	-7.573794	2.964929
747.000000	-6.750101	2.818766
747.000000	-5.926407	2.652726
747.000000	-5.102714	2.460297
747.000000	-4.279020	2.233253
747.000000	-3.455326	1.960879
747.000000	-2.631633	1.630488
747.000000	-1.807939	1.227491
747.000000	-0.984246	0.733184
747.000000	-0.160552	0.130520
747.000000	0.663142	0.582234
747.000000	1.486835	1.392488
747.000000	2.310529	2.275340
747.000000	3.134222	3.196019
747.000000	3.957916	4.111657
747.000000	4.781610	4.983518
747.000000	5.605303	5.785692
747.000000	6.428997	6.503823
747.000000	7.252690	7.140521
747.000000	8.076384	7.701027
747.000000	8.900077	8.199176
747.000000	9.723771	8.653911
747.000000	10.547465	9.068429
747.000000	11.371158	9.469064
747.000000	12.194852	9.789181
747.000000	13.018545	10.024686
747.000000	13.842239	10.142710
747.000000	14.665933	10.150655
747.000000	15.489626	10.102785
747.000000	16.313320	10.040791
747.000000	17.137013	10.029797
747.000000	17.960707	10.100843
747.000000	18.784401	10.271544
747.000000	19.608094	10.549897
747.000000	20.431788	10.955238
1072.000000	-19.105505	3.559913
1072.000000	-18.281811	3.475123
1072.000000	-17.458118	3.412574
1072.000000	-16.634424	3.369477
1072.000000	-15.810730	3.338346
1072.000000	-14.987037	3.309767
1072.000000	-14.163343	3.270553
1072.000000	-13.339650	3.210878
1072.000000	-12.515956	3.128569
1072.000000	-11.692262	3.021184
1072.000000	-10.868569	2.901511
1072.000000	-10.044875	2.779936
1072.000000	-9.221182	2.655517
1072.000000	-8.397488	2.527711
1072.000000	-7.573794	2.393322
1072.000000	-6.750101	2.249598
1072.000000	-5.926407	2.092492
1072.000000	-5.102714	1.917008
1072.000000	-4.279020	1.717263
1072.000000	-3.455326	1.486049
1072.000000	-2.631633	1.215639
1072.000000	-1.807939	0.898317
1072.000000	-0.984246	0.525441
1072.000000	-0.160552	0.091417
1072.000000	0.663142	0.397802
1072.000000	1.486835	0.927347
1072.000000	2.310529	1.479083
1072.000000	3.134222	2.034738
1072.000000	3.957916	2.575286
1072.000000	4.781610	3.086232
1072.000000	5.605303	3.560301
1072.000000	6.428997	3.995242
1072.000000	7.252690	4.395814
1072.000000	8.076384	4.766500
1072.000000	8.900077	5.115136
1072.000000	9.723771	5.451802
1072.000000	10.547465	5.778354
1072.000000	11.371158	6.108773
1072.000000	12.194852	6.404790
1072.000000	13.018545	6.654293
1072.000000	13.842239	6.832216
1072.000000	14.665933	6.941783
1072.000000	15.489626	7.012929
1072.000000	16.313320	7.074579
1072.000000	17.137013	7.172616
1072.000000	17.960707	7.331890
1072.000000	18.784401	7.569193
1072.000000	19.608094	7.896569
1072.000000	20.431788	8.336485
1397.000000	-19.105505	3.286469
1397.000000	-18.281811	3.178351
1397.000000	-17.458118	3.095276
1397.000000	-16.634424	3.033638
1397.000000	-15.810730	2.985276
1397.000000	-14.987037	2.940546
1397.000000	-14.163343	2.886600
1397.000000	-13.339650	2.814223
1397.000000	-12.515956	2.722076
1397.000000	-11.692262	2.608471
1397.000000	-10.868569	2.485868
1397.000000	-10.044875	2.364183
1397.000000	-9.221182	2.242413
1397.000000	-8.397488	2.120000
1397.000000	-7.573794	1.993968
1397.000000	-6.750101	1.861877
1397.000000	-5.926407	1.720249
1397.000000	-5.102714	1.564976
1397.000000	-4.279020	1.391448
1397.000000	-3.455326	1.194264
1397.000000	-2.631633	0.968040
1397.000000	-1.807939	0.707985
1397.000000	-0.984246	0.409374
1397.000000	-0.160552	0.070350
1397.000000	0.663142	0.302145
1397.000000	1.486835	0.694969
1397.000000	2.310529	1.094654
1397.000000	3.134222	1.489970
1397.000000	3.957916	1.870180
1397.000000	4.781610	2.228055
1397.000000	5.605303	2.561149
1397.000000	6.428997	2.869956
1397.000000	7.252690	3.159003
1397.000000	8.076384	3.432139
1397.000000	8.900077	3.695074
1397.000000	9.723771	3.954850
1397.000000	10.547465	4.213159
1397.000000	11.371158	4.479567
1397.000000	12.194852	4.728254
1397.000000	13.018545	4.946952
1397.000000	13.842239	5.116099
1397.000000	14.665933	5.238077
1397.000000	15.489626	5.332729
1397.000000	16.313320	5.422210
1397.000000	17.137013	5.541527
1397.000000	17.960707	5.710730
1397.000000	18.784401	5.944340
1397.000000	19.608094	6.254368
1397.000000	20.431788	6.662034
1722.000000	-19.105505	3.022716
1722.000000	-18.281811	2.902743
1722.000000	-17.458118	2.809224
1722.000000	-16.634424	2.738012
1722.000000	-15.810730	2.680737
1722.000000	-14.987037	2.627916
1722.000000	-14.163343	2.567358
1722.000000	-13.339650	2.490540
1722.000000	-12.515956	2.396624
1722.000000	-11.692262	2.284374
1722.000000	-10.868569	2.165518
1722.000000	-10.044875	2.049233
1722.000000	-9.221182	1.934465
1722.000000	-8.397488	1.820611
1722.000000	-7.573794	1.704894
1722.000000	-6.750101	1.585098
1722.000000	-5.926407	1.458155
1722.000000	-5.102714	1.320551
1722.000000	-4.279020	1.168481
1722.000000	-3.455326	0.997631
1722.000000	-2.631633	0.803935
1722.000000	-1.807939	0.584115
1722.000000	-0.984246	0.335307
1722.000000	-0.160552	0.057180
1722.000000	0.663142	0.243595
1722.000000	1.486835	0.555683
1722.000000	2.310529	0.868574
1722.000000	3.134222	1.174650
1722.000000	3.957916	1.467012
1722.000000	4.781610	1.741497
1722.000000	5.605303	1.997441
1722.000000	6.428997	2.236166
1722.000000	7.252690	2.461720
1722.000000	8.076384	2.677434
1722.000000	8.900077	2.887874
1722.000000	9.723771	3.098529
1722.000000	10.547465	3.310996
1722.000000	11.371158	3.532621
1722.000000	12.194852	3.744224
1722.000000	13.018545	3.934555
1722.000000	13.842239	4.087666
1722.000000	14.665933	4.205605
1722.000000	15.489626	4.303016
1722.000000	16.313320	4.397944
1722.000000	17.137013	4.518766
1722.000000	17.960707	4.682312
1722.000000	18.784401	4.901302
1722.000000	19.608094	5.187119
1722.000000	20.431788	5.559404
2047.000000	-19.105505	2.785177
2047.000000	-18.281811	2.659985
2047.000000	-17.458118	2.561776
2047.000000	-16.634424	2.486076
2047.000000	-15.810730	2.424544
2047.000000	-14.987037	2.368021
2047.000000	-14.163343	2.305040
2047.000000	-13.339650	2.227734
2047.000000	-12.515956	2.135569
2047.000000	-11.692262	2.027593
2047.000000	-10.868569	1.914714
2047.000000	-10.044875	1.805363
2047.000000	-9.221182	1.698453
2047.000000	-8.397488	1.593351
2047.000000	-7.573794	1.487463
2047.000000	-6.750101	1.378752
2047.000000	-5.926407	1.264468
2047.000000	-5.102714	1.141529
2047.000000	-4.279020	1.006689
2047.000000	-3.455326	0.856357
2047.000000	-2.631633	0.687298
2047.000000	-1.807939	0.497117
2047.000000	-0.984246	0.283952
2047.000000	-0.160552	0.048167
2047.000000	0.663142	0.204064
2047.000000	1.486835	0.462896
2047.000000	2.310529	0.719804
2047.000000	3.134222	0.969255
2047.000000	3.957916	1.206438
2047.000000	4.781610	1.428746
2047.000000	5.605303	1.636299
2047.000000	6.428997	1.830677
2047.000000	7.252690	2.015480
2047.000000	8.076384	2.193634
2047.000000	8.900077	2.368971
2047.000000	9.723771	2.546024
2047.000000	10.547465	2.726301
2047.000000	11.371158	2.915807
2047.000000	12.194852	3.099412
2047.000000	13.018545	3.266980
2047.000000	13.842239	3.405072
2047.000000	14.665933	3.515539
2047.000000	15.489626	3.609927
2047.000000	16.313320	3.703516
2047.000000	17.137013	3.820248
2047.000000	17.960707	3.974686
2047.000000	18.784401	4.178188
2047.000000	19.608094	4.441455
2047.000000	20.431788	4.782723
2372.000000	-19.105505	2.575704
2372.000000	-18.281811	2.449146
2372.000000	-17.458118	2.349561
2372.000000	-16.634424	2.272287
2372.000000	-15.810730	2.209143
2372.000000	-14.987037	2.151356
2372.000000	-14.163343	2.088162
2372.000000	-13.339650	2.012283
2372.000000	-12.515956	1.923373
2372.000000	-11.692262	1.820668
2372.000000	-10.868569	1.714290
2372.000000	-10.044875	1.611977
2372.000000	-9.221182	1.512637
2372.000000	-8.397488	1.415622
2372.000000	-7.573794	1.318499
2372.000000	-6.750101	1.219387
2372.000000	-5.926407	1.115791
2372.000000	-5.102714	1.004963
2372.000000	-4.279020	0.884066
2372.000000	-3.455326	0.750025
2372.000000	-2.631633	0.600174
2372.000000	-1.807939	0.432682
2372.000000	-0.984246	0.246261
2372.000000	-0.160552	0.041612
2372.000000	0.663142	0.175578
2372.000000	1.486835	0.396658
2372.000000	2.310529	0.614510
2372.000000	3.134222	0.824907
2372.000000	3.957916	1.024303
2372.000000	4.781610	1.210976
2372.000000	5.605303	1.385425
2372.000000	6.428997	1.549284
2372.000000	7.252690	1.705772
2372.000000	8.076384	1.857496
2372.000000	8.900077	2.007769
2372.000000	9.723771	2.160471
2372.000000	10.547465	2.317020
2372.000000	11.371158	2.482524
2372.000000	12.194852	2.644550
2372.000000	13.018545	2.793961
2372.000000	13.842239	2.919155
2372.000000	14.665933	3.021836
2372.000000	15.489626	3.111522
2372.000000	16.313320	3.201496
2372.000000	17.137013	3.312517
2372.000000	17.960707	3.457468
2372.000000	18.784401	3.646641
2372.000000	19.608094	3.890108
2372.000000	20.431788	4.204890
2697.000000	-19.105505	2.391915
2697.000000	-18.281811	2.266238
2697.000000	-17.458118	2.167193
2697.000000	-16.634424	2.090034
2697.000000	-15.810730	2.026802
2697.000000	-14.987037	1.969125
2697.000000	-14.163343	1.906892
2697.000000	-13.339650	1.833344
2697.000000	-12.515956	1.748260
2697.000000	-11.692262	1.651002
2697.000000	-10.868569	1.550971
2697.000000	-10.044875	1.455294
2697.000000	-9.221182	1.362887
2697.000000	-8.397488	1.273095
2697.000000	-7.573794	1.183636
2697.000000	-6.750101	1.092763
2697.000000	-5.926407	0.998190
2697.000000	-5.102714	0.897436
2697.000000	-4.279020	0.787979
2697.000000	-3.455326	0.667131
2697.000000	-2.631633	0.532637
2697.000000	-1.807939	0.383050
2697.000000	-0.984246	0.217428
2697.000000	-0.160552	0.036632
2697.000000	0.663142	0.154078
2697.000000	1.486835	0.347004
2697.000000	2.310529	0.536075
2697.000000	3.134222	0.717940
2697.000000	3.957916	0.889871
2697.000000	4.781610	1.050696
2697.000000	5.605303	1.201102
2697.000000	6.428997	1.342697
2697.000000	7.252690	1.478383
2697.000000	8.076384	1.610510
2697.000000	8.900077	1.742002
2697.000000	9.723771	1.876260
2697.000000	10.547465	2.014620
2697.000000	11.371158	2.161538
2697.000000	12.194852	2.306495
2697.000000	13.018545	2.441212
2697.000000	13.842239	2.555488
2697.000000	14.665933	2.650909
2697.000000	15.489626	2.735565
2697.000000	16.313320	2.821230
2697.000000	17.137013	2.926258
2697.000000	17.960707	3.062228
2697.000000	18.784401	3.238577
2697.000000	19.608094	3.464804
2697.000000	20.431788	3.756880
3022.000000	-19.105505	2.230462
3022.000000	-18.281811	2.106964
3022.000000	-17.458118	2.009565
3022.000000	-16.634424	1.933498
3022.000000	-15.810730	1.871061
3022.000000	-14.987037	1.814268
3022.000000	-14.163343	1.753611
3022.000000	-13.339650	1.682783
3022.000000	-12.515956	1.601649
3022.000000	-11.692262	1.509661
3022.000000	-10.868569	1.415570
3022.000000	-10.044875	1.325969
3022.000000	-9.221182	1.239790
3022.000000	-8.397488	1.156382
3022.000000	-7.573794	1.073598
3022.000000	-6.750101	0.989806
3022.000000	-5.926407	0.902900
3022.000000	-5.102714	0.810616
3022.000000	-4.279020	0.710681
3022.000000	-3.455326	0.600709
3022.000000	-2.631633	0.478757
3022.000000	-1.807939	0.343652
3022.000000	-0.984246	0.194665
3022.000000	-0.160552	0.032721
3022.000000	0.663142	0.137278
3022.000000	1.486835	0.308404
3022.000000	2.310529	0.475393
3022.000000	3.134222	0.635510
3022.000000	3.957916	0.786594
3022.000000	4.781610	0.927828
3022.000000	5.605303	1.059992
3022.000000	6.428997	1.184635
3022.000000	7.252690	1.304398
3022.000000	8.076384	1.421417
3022.000000	8.900077	1.538313
3022.000000	9.723771	1.658119
3022.000000	10.547465	1.782093
3022.000000	11.371158	1.914197
3022.000000	12.194852	2.045336
3022.000000	13.018545	2.167958
3022.000000	13.842239	2.272965
3022.000000	14.665933	2.361843
3022.000000	15.489626	2.441628
3022.000000	16.313320	2.522903
3022.000000	17.137013	2.622142
3022.000000	17.960707	2.749879
3022.000000	18.784401	2.914839
3022.000000	19.608094	3.126009
3022.000000	20.431788	3.398439
3347.000000	-19.105505	2.088084
3347.000000	-18.281811	1.967498
3347.000000	-17.458118	1.872367
3347.000000	-16.634424	1.797950
3347.000000	-15.810730	1.736808
3347.000000	-14.987037	1.681331
3347.000000	-14.163343	1.622550
3347.000000	-13.339650	1.554563
3347.000000	-12.515956	1.477290
3347.000000	-11.692262	1.390250
3347.000000	-10.868569	1.301617
3347.000000	-10.044875	1.217512
3347.000000	-9.221182	1.136894
3347.000000	-8.397488	1.059118
3347.000000	-7.573794	0.982158
3347.000000	-6.750101	0.904487
3347.000000	-5.926407	0.824151
3347.000000	-5.102714	0.739068
3347.000000	-4.279020	0.647165
3347.000000	-3.455326	0.546301
3347.000000	-2.631633	0.434775
3347.000000	-1.807939	0.311623
3347.000000	-0.984246	0.176244
3347.000000	-0.160552	0.029569
3347.000000	0.663142	0.123794
3347.000000	1.486835	0.277542
3347.000000	2.310529	0.427054
3347.000000	3.134222	0.570051
3347.000000	3.957916	0.704778
3347.000000	4.781610	0.830658
3347.000000	5.605303	0.948512
3347.000000	6.428997	1.059821
3347.000000	7.252690	1.167004
3347.000000	8.076384	1.272021
3347.000000	8.900077	1.377246
3347.000000	9.723771	1.485423
3347.000000	10.547465	1.597734
3347.000000	11.371158	1.717754
3347.000000	12.194852	1.837481
3347.000000	13.018545	1.949987
3347.000000	13.842239	2.047063
3347.000000	14.665933	2.130108
3347.000000	15.489626	2.205348
3347.000000	16.313320	2.282404
3347.000000	17.137013	2.376231
3347.000000	17.960707	2.496504
3347.000000	18.784401	2.651349
3347.000000	19.608094	2.849288
3347.000000	20.431788	3.104553
3672.000000	-19.105505	1.961913
3672.000000	-18.281811	1.844627
3672.000000	-17.458118	1.752094
3672.000000	-16.634424	1.679628
3672.000000	-15.810730	1.620059
3672.000000	-14.987037	1.566122
3672.000000	-14.163343	1.509342
3672.000000	-13.339650	1.444173
3672.000000	-12.515956	1.370574
3672.000000	-11.692262	1.288116
3672.000000	-10.868569	1.204457
3672.000000	-10.044875	1.125305
3672.000000	-9.221182	1.049647
3672.000000	-8.397488	0.976849
3672.000000	-7.573794	0.904996
3672.000000	-6.750101	0.832653
3672.000000	-5.926407	0.757997
3672.000000	-5.102714	0.679099
3672.000000	-4.279020	0.594055
3672.000000	-3.455326	0.500920
3672.000000	-2.631633	0.398195
3672.000000	-1.807939	0.285075
3672.000000	-0.984246	0.161035
3672.000000	-0.160552	0.026976
3672.000000	0.663142	0.112738
3672.000000	1.486835	0.252313
3672.000000	2.310529	0.387645
3672.000000	3.134222	0.516815
3672.000000	3.957916	0.638369
3672.000000	4.781610	0.751897
3672.000000	5.605303	0.858228
3672.000000	6.428997	0.958773
3672.000000	7.252690	1.055769
3672.000000	8.076384	1.151020
3672.000000	8.900077	1.246701
3672.000000	9.723771	1.345314
3672.000000	10.547465	1.447978
3672.000000	11.371158	1.557950
3672.000000	12.194852	1.668096
3672.000000	13.018545	1.772023
3672.000000	13.842239	1.862252
3672.000000	14.665933	1.940106
3672.000000	15.489626	2.011171
3672.000000	16.313320	2.084271
3672.000000	17.137013	2.173111
3672.000000	17.960707	2.286641
3672.000000	18.784401	2.432473
3672.000000	19.608094	2.618706
3672.000000	20.431788	2.858845
3997.000000	-19.105505	1.849526
3997.000000	-18.281811	1.735713
3997.000000	-17.458118	1.645928
3997.000000	-16.634424	1.575562
3997.000000	-15.810730	1.517701
3997.000000	-14.987037	1.465409
3997.000000	-14.163343	1.410653
3997.000000	-13.339650	1.348206
3997.000000	-12.515956	1.278055
3997.000000	-11.692262	1.199810
3997.000000	-10.868569	1.120672
3997.000000	-10.044875	1.045982
3997.000000	-9.221182	0.974757
3997.000000	-8.397488	0.906377
3997.000000	-7.573794	0.839027
3997.000000	-6.750101	0.771353
3997.000000	-5.926407	0.701649
3997.000000	-5.102714	0.628116
3997.000000	-4.279020	0.548991
3997.000000	-3.455326	0.462494
3997.000000	-2.631633	0.367294
3997.000000	-1.807939	0.262715
3997.000000	-0.984246	0.148271
3997.000000	-0.160552	0.024807
3997.000000	0.663142	0.103516
3997.000000	1.486835	0.231312
3997.000000	2.310529	0.354905
3997.000000	3.134222	0.472673
3997.000000	3.957916	0.583394
3997.000000	4.781610	0.686771
3997.000000	5.605303	0.783625
3997.000000	6.428997	0.875300
3997.000000	7.252690	0.963876
3997.000000	8.076384	1.051027
3997.000000	8.900077	1.138758
3997.000000	9.723771	1.229367
3997.000000	10.547465	1.323917
3997.000000	11.371158	1.425400
3997.000000	12.194852	1.527389
3997.000000	13.018545	1.623948
3997.000000	13.842239	1.708214
3997.000000	14.665933	1.781441
3997.000000	15.489626	1.848696
3997.000000	16.313320	1.918132
3997.000000	17.137013	2.002400
3997.000000	17.960707	2.109837
3997.000000	18.784401	2.247603
3997.000000	19.608094	2.423416
3997.000000	20.431788	2.650122
4322.000000	-19.105505	1.748899
4322.000000	-18.281811	1.638602
4322.000000	-17.458118	1.551607
4322.000000	-16.634424	1.483391
4322.000000	-15.810730	1.427291
4322.000000	-14.987037	1.376673
4322.000000	-14.163343	1.323907
4322.000000	-13.339650	1.264051
4322.000000	-12.515956	1.197111
4322.000000	-11.692262	1.122731
4322.000000	-10.868569	1.047701
4322.000000	-10.044875	0.977038
4322.000000	-9.221182	0.909788
4322.000000	-8.397488	0.845345
4322.000000	-7.573794	0.781989
4322.000000	-6.750101	0.718436
4322.000000	-5.926407	0.653083
4322.000000	-5.102714	0.584246
4322.000000	-4.279020	0.510276
4322.000000	-3.455326	0.429540
4322.000000	-2.631633	0.340845
4322.000000	-1.807939	0.243625
4322.000000	-0.984246	0.137409
4322.000000	-0.160552	0.022968
4322.000000	0.663142	0.095712
4322.000000	1.486835	0.213568
4322.000000	2.310529	0.327277
4322.000000	3.134222	0.435481
4322.000000	3.957916	0.537137
4322.000000	4.781610	0.632027
4322.000000	5.605303	0.720947
4322.000000	6.428997	0.805186
4322.000000	7.252690	0.886687
4322.000000	8.076384	0.967011
4322.000000	8.900077	1.048015
4322.000000	9.723771	1.131828
4322.000000	10.547465	1.219457
4322.000000	11.371158	1.313674
4322.000000	12.194852	1.408632
4322.000000	13.018545	1.498797
4322.000000	13.842239	1.577829
4322.000000	14.665933	1.646917
4322.000000	15.489626	1.710700
4322.000000	16.313320	1.776759
4322.000000	17.137013	1.856846
4322.000000	17.960707	1.958765
4322.000000	18.784401	2.089281
4322.000000	19.608094	2.255760
4322.000000	20.431788	2.470456
4647.000000	-19.105505	1.658356
4647.000000	-18.281811	1.551538
4647.000000	-17.458118	1.467306
4647.000000	-16.634424	1.401232
4647.000000	-15.810730	1.346893
4647.000000	-14.987037	1.297933
4647.000000	-14.163343	1.247091
4647.000000	-13.339650	1.189680
4647.000000	-12.515956	1.125722
4647.000000	-11.692262	1.054886
4647.000000	-10.868569	0.983594
4647.000000	-10.044875	0.916573
4647.000000	-9.221182	0.852900
4647.000000	-8.397488	0.791985
4647.000000	-7.573794	0.732189
4647.000000	-6.750101	0.672297
4647.000000	-5.926407	0.610795
4647.000000	-5.102714	0.546098
4647.000000	-4.279020	0.476658
4647.000000	-3.455326	0.400967
4647.000000	-2.631633	0.317950
4647.000000	-1.807939	0.227136
4647.000000	-0.984246	0.128054
4647.000000	-0.160552	0.021389
4647.000000	0.663142	0.089026
4647.000000	1.486835	0.198381
4647.000000	2.310529	0.303653
4647.000000	3.134222	0.403717
4647.000000	3.957916	0.497677
4647.000000	4.781610	0.585366
4647.000000	5.605303	0.667550
4647.000000	6.428997	0.745464
4647.000000	7.252690	0.820936
4647.000000	8.076384	0.895428
4647.000000	8.900077	0.970667
4647.000000	9.723771	1.048636
4647.000000	10.547465	1.130292
4647.000000	11.371158	1.218217
4647.000000	12.194852	1.307052
4647.000000	13.018545	1.391617
4647.000000	13.842239	1.466017
4647.000000	14.665933	1.531390
4647.000000	15.489626	1.592009
4647.000000	16.313320	1.654960
4647.000000	17.137013	1.731222
4647.000000	17.960707	1.828131
4647.000000	18.784401	1.952099
4647.000000	19.608094	2.110175
4647.000000	20.431788	2.314066
4972.000000	-19.105505	1.576506
4972.000000	-18.281811	1.473080
4972.000000	-17.458118	1.391543
4972.000000	-16.634424	1.327568
4972.000000	-15.810730	1.274956
4972.000000	-14.987037	1.227613
4972.000000	-14.163343	1.178613
4972.000000	-13.339650	1.123500
4972.000000	-12.515956	1.062304
4972.000000	-11.692262	0.994720
4972.000000	-10.868569	0.926837
4972.000000	-10.044875	0.863122
4972.000000	-9.221182	0.802681
4972.000000	-8.397488	0.744940
4972.000000	-7.573794	0.688337
4972.000000	-6.750101	0.631716
4972.000000	-5.926407	0.573644
4972.000000	-5.102714	0.512623
4972.000000	-4.279020	0.447195
4972.000000	-3.455326	0.375957
4972.000000	-2.631633	0.297940
4972.000000	-1.807939	0.212749
4972.000000	-0.984246	0.119910
4972.000000	-0.160552	0.020017
4972.000000	0.663142	0.083233
4972.000000	1.486835	0.185237
4972.000000	2.310529	0.283221
4972.000000	3.134222	0.376273
4972.000000	3.957916	0.463619
4972.000000	4.781610	0.545122
4972.000000	5.605303	0.621515
4972.000000	6.428997	0.693984
4972.000000	7.252690	0.764259
4972.000000	8.076384	0.833710
4972.000000	8.900077	0.903953
4972.000000	9.723771	0.976841
4972.000000	10.547465	1.053289
4972.000000	11.371158	1.135712
4972.000000	12.194852	1.219167
4972.000000	13.018545	1.298785
4972.000000	13.842239	1.369062
4972.000000	14.665933	1.431084
4972.000000	15.489626	1.488815
4972.000000	16.313320	1.548908
4972.000000	17.137013	1.621665
4972.000000	17.960707	1.714011
4972.000000	18.784401	1.832042
4972.000000	19.608094	1.982511
4972.000000	20.431788	2.176630
5297.000000	-19.105505	1.502190
5297.000000	-18.281811	1.402041
5297.000000	-17.458118	1.323108
5297.000000	-16.634424	1.261166
5297.000000	-15.810730	1.210231
5297.000000	-14.987037	1.164448
5297.000000	-14.163343	1.117200
5297.000000	-13.339650	1.064239
5297.000000	-12.515956	1.005604
5297.000000	-11.692262	0.941009
5297.000000	-10.868569	0.876242
5297.000000	-10.044875	0.815537
5297.000000	-9.221182	0.758027
5297.000000	-8.397488	0.703155
5297.000000	-7.573794	0.649429
5297.000000	-6.750101	0.595747
5297.000000	-5.926407	0.540749
5297.000000	-5.102714	0.483013
5297.000000	-4.279020	0.421161
5297.000000	-3.455326	0.353884
5297.000000	-2.631633	0.280302
5297.000000	-1.807939	0.200083
5297.000000	-0.984246	0.112749
5297.000000	-0.160552	0.018814
5297.000000	0.663142	0.078163
5297.000000	1.486835	0.173747
5297.000000	2.310529	0.265375
5297.000000	3.134222	0.352324
5297.000000	3.957916	0.433924
5297.000000	4.781610	0.510055
5297.000000	5.605303	0.581418
5297.000000	6.428997	0.649153
5297.000000	7.252690	0.714899
5297.000000	8.076384	0.779949
5297.000000	8.900077	0.845819
5297.000000	9.723771	0.914251
5297.000000	10.547465	0.986117
5297.000000	11.371158	1.063688
5297.000000	12.194852	1.142378
5297.000000	13.018545	1.217596
5297.000000	13.842239	1.284178
5297.000000	14.665933	1.343165
5297.000000	15.489626	1.398255
5297.000000	16.313320	1.455717
5297.000000	17.137013	1.525255
5297.000000	17.960707	1.613432
5297.000000	18.784401	1.726056
5297.000000	19.608094	1.869610
5297.000000	20.431788	2.054847
5622.000000	-19.105505	1.434437
5622.000000	-18.281811	1.337435
5622.000000	-17.458118	1.261003
5622.000000	-16.634424	1.201017
5622.000000	-15.810730	1.151695
5622.000000	-14.987037	1.107409
5622.000000	-14.163343	1.061822
5622.000000	-13.339650	1.010875
5622.000000	-12.515956	0.954616
5622.000000	-11.692262	0.892773
5622.000000	-10.868569	0.830862
5622.000000	-10.044875	0.772906
5622.000000	-9.221182	0.718065
5622.000000	-8.397488	0.665798
5622.000000	-7.573794	0.614677
5622.000000	-6.750101	0.563649
5622.000000	-5.926407	0.511418
5622.000000	-5.102714	0.456634
5622.000000	-4.279020	0.397990
5622.000000	-3.455326	0.334261
5622.000000	-2.631633	0.264639
5622.000000	-1.807939	0.188842
5622.000000	-0.984246	0.106397
5622.000000	-0.160552	0.017749
5622.000000	0.663142	0.073686
5622.000000	1.486835	0.163616
5622.000000	2.310529	0.249651
5622.000000	3.134222	0.331242
5622.000000	3.957916	0.407802
5622.000000	4.781610	0.479227
5622.000000	5.605303	0.546180
5622.000000	6.428997	0.609761
5622.000000	7.252690	0.671527
5622.000000	8.076384	0.732700
5622.000000	8.900077	0.794711
5622.000000	9.723771	0.859202
5622.000000	10.547465	0.927004
5622.000000	11.371158	1.000265
5622.000000	12.194852	1.074705
5622.000000	13.018545	1.145982
5622.000000	13.842239	1.209237
5622.000000	14.665933	1.265464
5622.000000	15.489626	1.318132
5622.000000	16.313320	1.373166
5622.000000	17.137013	1.439744
5622.000000	17.960707	1.524099
5622.000000	18.784401	1.631780
5622.000000	19.608094	1.769020
5622.000000	20.431788	1.946150
5947.000000	-19.105505	1.372433
5947.000000	-18.281811	1.278442
5947.000000	-17.458118	1.204401
5947.000000	-16.634424	1.146287
5947.000000	-15.810730	1.098512
5947.000000	-14.987037	1.055654
5947.000000	-14.163343	1.011637
5947.000000	-13.339650	0.962576
5947.000000	-12.515956	0.908523
5947.000000	-11.692262	0.849220
5947.000000	-10.868569	0.789934
5947.000000	-10.044875	0.734497
5947.000000	-9.221182	0.682094
5947.000000	-8.397488	0.632201
5947.000000	-7.573794	0.583450
5947.000000	-6.750101	0.534829
5947.000000	-5.926407	0.485103
5947.000000	-5.102714	0.432985
5947.000000	-4.279020	0.377236
5947.000000	-3.455326	0.316703
5947.000000	-2.631633	0.250638
5947.000000	-1.807939	0.178794
5947.000000	-0.984246	0.100715
5947.000000	-0.160552	0.016797
5947.000000	0.663142	0.069699
5947.000000	1.486835	0.154612
5947.000000	2.310529	0.235690
5947.000000	3.134222	0.312539
5947.000000	3.957916	0.384644
5947.000000	4.781610	0.451910
5947.000000	5.605303	0.514969
5947.000000	6.428997	0.574877
5947.000000	7.252690	0.633116
5947.000000	8.076384	0.690849
5947.000000	8.900077	0.749428
5947.000000	9.723771	0.810406
5947.000000	10.547465	0.874582
5947.000000	11.371158	0.943985
5947.000000	12.194852	1.014611
5947.000000	13.018545	1.082341
5947.000000	13.842239	1.142582
5947.000000	14.665933	1.196292
5947.000000	15.489626	1.246732
5947.000000	16.313320	1.299524
5947.000000	17.137013	1.363371
5947.000000	17.960707	1.444211
5947.000000	18.784401	1.547359
5947.000000	19.608094	1.678811
5947.000000	20.431788	1.848510
6272.000000	-19.105505	1.315490
6272.000000	-18.281811	1.224370
6272.000000	-17.458118	1.152610
6272.000000	-16.634424	1.096284
6272.000000	-15.810730	1.049985
6272.000000	-14.987037	1.008487
6272.000000	-14.163343	0.965952
6272.000000	-13.339650	0.918658
6272.000000	-12.515956	0.866656
6272.000000	-11.692262	0.809703
6272.000000	-10.868569	0.752836
6272.000000	-10.044875	0.699714
6272.000000	-9.221182	0.649548
6272.000000	-8.397488	0.601827
6272.000000	-7.573794	0.555238
6272.000000	-6.750101	0.508811
6272.000000	-5.926407	0.461361
6272.000000	-5.102714	0.411661
6272.000000	-4.279020	0.358538
6272.000000	-3.455326	0.300900
6272.000000	-2.631633	0.238047
6272.000000	-1.807939	0.169758
6272.000000	-0.984246	0.095600
6272.000000	-0.160552	0.015942
6272.000000	0.663142	0.066123
6272.000000	1.486835	0.146553
6272.000000	2.310529	0.223210
6272.000000	3.134222	0.295834
6272.000000	3.957916	0.363972
6272.000000	4.781610	0.427537
6272.000000	5.605303	0.487132
6272.000000	6.428997	0.543769
6272.000000	7.252690	0.598863
6272.000000	8.076384	0.653520
6272.000000	8.900077	0.709026
6272.000000	9.723771	0.766856
6272.000000	10.547465	0.827773
6272.000000	11.371158	0.893706
6272.000000	12.194852	0.960890
6272.000000	13.018545	1.025408
6272.000000	13.842239	1.082909
6272.000000	14.665933	1.134313
6272.000000	15.489626	1.182698
6272.000000	16.313320	1.233415
6272.000000	17.137013	1.294737
6272.000000	17.960707	1.372337
6272.000000	18.784401	1.471310
6272.000000	19.608094	1.597439
6272.000000	20.431788	1.760303
6597.000000	-19.105505	1.263021
6597.000000	-18.281811	1.174637
6597.000000	-17.458118	1.105048
6597.000000	-16.634424	1.050425
6597.000000	-15.810730	1.005532
6597.000000	-14.987037	0.965327
6597.000000	-14.163343	0.924193
6597.000000	-13.339650	0.878554
6597.000000	-12.515956	0.828462
6597.000000	-11.692262	0.773688
6597.000000	-10.868569	0.719056
6597.000000	-10.044875	0.668069
6597.000000	-9.221182	0.619960
6597.000000	-8.397488	0.574233
6597.000000	-7.573794	0.529626
6597.000000	-6.750101	0.485204
6597.000000	-5.926407	0.439832
6597.000000	-5.102714	0.392338
6597.000000	-4.279020	0.341607
6597.000000	-3.455326	0.286602
6597.000000	-2.631633	0.226665
6597.000000	-1.807939	0.161590
6597.000000	-0.984246	0.090975
6597.000000	-0.160552	0.015168
6597.000000	0.663142	0.062897
6597.000000	1.486835	0.139298
6597.000000	2.310529	0.211988
6597.000000	3.134222	0.280823
6597.000000	3.957916	0.345407
6597.000000	4.781610	0.405656
6597.000000	5.605303	0.462150
6597.000000	6.428997	0.515856
6597.000000	7.252690	0.568127
6597.000000	8.076384	0.620019
6597.000000	8.900077	0.672758
6597.000000	9.723771	0.727747
6597.000000	10.547465	0.785721
6597.000000	11.371158	0.848515
6597.000000	12.194852	0.912578
6597.000000	13.018545	0.974174
6597.000000	13.842239	1.029172
6597.000000	14.665933	1.078456
6597.000000	15.489626	1.124943
6597.000000	16.313320	1.173733
6597.000000	17.137013	1.232716
6597.000000	17.960707	1.307319
6597.000000	18.784401	1.402438
6597.000000	19.608094	1.523654
6597.000000	20.431788	1.680208
6922.000000	-19.105505	1.214526
6922.000000	-18.281811	1.128745
6922.000000	-17.458118	1.061222
6922.000000	-16.634424	1.008220
6922.000000	-15.810730	0.964666
6922.000000	-14.987037	0.925689
6922.000000	-14.163343	0.885876
6922.000000	-13.339650	0.841788
6922.000000	-12.515956	0.793480
6922.000000	-11.692262	0.740729
6922.000000	-10.868569	0.688169
6922.000000	-10.044875	0.639156
6922.000000	-9.221182	0.592945
6922.000000	-8.397488	0.549056
6922.000000	-7.573794	0.506270
6922.000000	-6.750101	0.463690
6922.000000	-5.926407	0.420222
6922.000000	-5.102714	0.374747
6922.000000	-4.279020	0.326203
6922.000000	-3.455326	0.273603
6922.000000	-2.631633	0.216325
6922.000000	-1.807939	0.154174
6922.000000	-0.984246	0.086777
6922.000000	-0.160552	0.014467
6922.000000	0.663142	0.059973
6922.000000	1.486835	0.132731
6922.000000	2.310529	0.201842
6922.000000	3.134222	0.267262
6922.000000	3.957916	0.328643
6922.000000	4.781610	0.385905
6922.000000	5.605303	0.439605
6922.000000	6.428997	0.490670
6922.000000	7.252690	0.540393
6922.000000	8.076384	0.589785
6922.000000	8.900077	0.640019
6922.000000	9.723771	0.692435
6922.000000	10.547465	0.747737
6922.000000	11.371158	0.807677
6922.000000	12.194852	0.868895
6922.000000	13.018545	0.927824
6922.000000	13.842239	0.980526
6922.000000	14.665933	1.027856
6922.000000	15.489626	1.072583
6922.000000	16.313320	1.119582
6922.000000	17.137013	1.176391
6922.000000	17.960707	1.248215
6922.000000	18.784401	1.339765
6922.000000	19.608094	1.456433
6922.000000	20.431788	1.607146
7247.000000	-19.105505	1.169576
7247.000000	-18.281811	1.086271
7247.000000	-17.458118	1.020712
7247.000000	-16.634424	0.969252
7247.000000	-15.810730	0.926971
7247.000000	-14.987037	0.889159
7247.000000	-14.163343	0.850594
7247.000000	-13.339650	0.807963
7247.000000	-12.515956	0.761322
7247.000000	-11.692262	0.710456
7247.000000	-10.868569	0.659820
7247.000000	-10.044875	0.612636
7247.000000	-9.221182	0.568182
7247.000000	-8.397488	0.525991
7247.000000	-7.573794	0.484886
7247.000000	-6.750101	0.444001
7247.000000	-5.926407	0.402286
7247.000000	-5.102714	0.358667
7247.000000	-4.279020	0.312130
7247.000000	-3.455326	0.261733
7247.000000	-2.631633	0.206890
7247.000000	-1.807939	0.147415
7247.000000	-0.984246	0.082956
7247.000000	-0.160552	0.013828
7247.000000	0.663142	0.057312
7247.000000	1.486835	0.126758
7247.000000	2.310529	0.192625
7247.000000	3.134222	0.254952
7247.000000	3.957916	0.313431
7247.000000	4.781610	0.367989
7247.000000	5.605303	0.419158
7247.000000	6.428997	0.467830
7247.000000	7.252690	0.515241
7247.000000	8.076384	0.562363
7247.000000	8.900077	0.610320
7247.000000	9.723771	0.660391
7247.000000	10.547465	0.713256
7247.000000	11.371158	0.770591
7247.000000	12.194852	0.829207
7247.000000	13.018545	0.885689
7247.000000	13.842239	0.936279
7247.000000	14.665933	0.981801
7247.000000	15.489626	1.024894
7247.000000	16.313320	1.070223
7247.000000	17.137013	1.125008
7247.000000	17.960707	1.194248
7247.000000	18.784401	1.282484
7247.000000	19.608094	1.394930
7247.000000	20.431788	1.540221
7572.000000	-19.105505	1.127799
7572.000000	-18.281811	1.046849
7572.000000	-17.458118	0.983158
7572.000000	-16.634424	0.933165
7572.000000	-15.810730	0.892095
7572.000000	-14.987037	0.855387
7572.000000	-14.163343	0.818001
7572.000000	-13.339650	0.776741
7572.000000	-12.515956	0.731659
7572.000000	-11.692262	0.682553
7572.000000	-10.868569	0.633708
7572.000000	-10.044875	0.588225
7572.000000	-9.221182	0.545402
7572.000000	-8.397488	0.504783
7572.000000	-7.573794	0.465233
7572.000000	-6.750101	0.425914
7572.000000	-5.926407	0.385818
7572.000000	-5.102714	0.343911
7572.000000	-4.279020	0.299222
7572.000000	-3.455326	0.250851
7572.000000	-2.631633	0.198245
7572.000000	-1.807939	0.141234
7572.000000	-0.984246	0.079471
7572.000000	-0.160552	0.013246
7572.000000	0.663142	0.054881
7572.000000	1.486835	0.121302
7572.000000	2.310529	0.184216
7572.000000	3.134222	0.243728
7572.000000	3.957916	0.299567
7572.000000	4.781610	0.351664
7572.000000	5.605303	0.400530
7572.000000	6.428997	0.447022
7572.000000	7.252690	0.492327
7572.000000	8.076384	0.537378
7572.000000	8.900077	0.583254
7572.000000	9.723771	0.631182
7572.000000	10.547465	0.681816
7572.000000	11.371158	0.736764
7572.000000	12.194852	0.792989
7572.000000	13.018545	0.847219
7572.000000	13.842239	0.895858
7572.000000	14.665933	0.939704
7572.000000	15.489626	0.981274
7572.000000	16.313320	1.025045
7572.000000	17.137013	1.077942
7572.000000	17.960707	1.144774
7572.000000	18.784401	1.229924
7572.000000	19.608094	1.338441
7572.000000	20.431788	1.478683
7897.000000	-19.105505	1.088875
7897.000000	-18.281811	1.010166
7897.000000	-17.458118	0.948250
7897.000000	-16.634424	0.899652
7897.000000	-15.810730	0.859733
7897.000000	-14.987037	0.824075
7897.000000	-14.163343	0.787803
7897.000000	-13.339650	0.747831
7897.000000	-12.515956	0.704214
7897.000000	-11.692262	0.656752
7897.000000	-10.868569	0.609579
7897.000000	-10.044875	0.565681
7897.000000	-9.221182	0.524376
7897.000000	-8.397488	0.485219
7897.000000	-7.573794	0.447109
7897.000000	-6.750101	0.409242
7897.000000	-5.926407	0.370645
7897.000000	-5.102714	0.330325
7897.000000	-4.279020	0.287342
7897.000000	-3.455326	0.240837
7897.000000	-2.631633	0.190295
7897.000000	-1.807939	0.135565
7897.000000	-0.984246	0.076286
7897.000000	-0.160552	0.012714
7897.000000	0.663142	0.052652
7897.000000	1.486835	0.116298
7897.000000	2.310529	0.176512
7897.000000	3.134222	0.233453
7897.000000	3.957916	0.286881
7897.000000	4.781610	0.336729
7897.000000	5.605303	0.383488
7897.000000	6.428997	0.427986
7897.000000	7.252690	0.471364
7897.000000	8.076384	0.514520
7897.000000	8.900077	0.558488
7897.000000	9.723771	0.604448
7897.000000	10.547465	0.653032
7897.000000	11.371158	0.705783
7897.000000	12.194852	0.759805
7897.000000	13.018545	0.811955
7897.000000	13.842239	0.858788
7897.000000	14.665933	0.901074
7897.000000	15.489626	0.941223
7897.000000	16.313320	0.983536
7897.000000	17.137013	1.034667
7897.000000	17.960707	1.099250
7897.000000	18.784401	1.181521
7897.000000	19.608094	1.286371
7897.000000	20.431788	1.421902
8222.000000	-19.105505	1.052522
8222.000000	-18.281811	0.975946
8222.000000	-17.458118	0.915720
8222.000000	-16.634424	0.868449
8222.000000	-15.810730	0.829625
8222.000000	-14.987037	0.794963
8222.000000	-14.163343	0.759745
8222.000000	-13.339650	0.720988
8222.000000	-12.515956	0.678746
8222.000000	-11.692262	0.632826
8222.000000	-10.868569	0.587217
8222.000000	-10.044875	0.544799
8222.000000	-9.221182	0.504909
8222.000000	-8.397488	0.467112
8222.000000	-7.573794	0.430343
8222.000000	-6.750101	0.393824
8222.000000	-5.926407	0.356621
8222.000000	-5.102714	0.317773
8222.000000	-4.279020	0.276370
8222.000000	-3.455326	0.231591
8222.000000	-2.631633	0.182959
8222.000000	-1.807939	0.130346
8222.000000	-0.984246	0.073364
8222.000000	-0.160552	0.012225
8222.000000	0.663142	0.050602
8222.000000	1.486835	0.111693
8222.000000	2.310529	0.169430
8222.000000	3.134222	0.224013
8222.000000	3.957916	0.275229
8222.000000	4.781610	0.323013
8222.000000	5.605303	0.367839
8222.000000	6.428997	0.410506
8222.000000	7.252690	0.452113
8222.000000	8.076384	0.493527
8222.000000	8.900077	0.535740
8222.000000	9.723771	0.579888
8222.000000	10.547465	0.626581
8222.000000	11.371158	0.677304
8222.000000	12.194852	0.729289
8222.000000	13.018545	0.779513
8222.000000	13.842239	0.824668
8222.000000	14.665933	0.865500
8222.000000	15.489626	0.904319
8222.000000	16.313320	0.945265
8222.000000	17.137013	0.994741
8222.000000	17.960707	1.057220
8222.000000	18.784401	1.136797
8222.000000	19.608094	1.238219
8222.000000	20.431788	1.369343
8547.000000	-19.105505	1.018498
8547.000000	-18.281811	0.943951
8547.000000	-17.458118	0.885333
8547.000000	-16.634424	0.839326
8547.000000	-15.810730	0.801545
8547.000000	-14.987037	0.767829
8547.000000	-14.163343	0.733609
8547.000000	-13.339650	0.695999
8547.000000	-12.515956	0.655050
8547.000000	-11.692262	0.610577
8547.000000	-10.868569	0.566433
8547.000000	-10.044875	0.525400
8547.000000	-9.221182	0.486834
8547.000000	-8.397488	0.450307
8547.000000	-7.573794	0.414788
8547.000000	-6.750101	0.379525
8547.000000	-5.926407	0.343620
8547.000000	-5.102714	0.306142
8547.000000	-4.279020	0.266207
8547.000000	-3.455326	0.223029
8547.000000	-2.631633	0.176169
8547.000000	-1.807939	0.125523
8547.000000	-0.984246	0.070670
8547.000000	-0.160552	0.011775
8547.000000	0.663142	0.048710
8547.000000	1.486835	0.107442
8547.000000	2.310529	0.162896
8547.000000	3.134222	0.215308
8547.000000	3.957916	0.264488
8547.000000	4.781610	0.310373
8547.000000	5.605303	0.353418
8547.000000	6.428997	0.394397
8547.000000	7.252690	0.434373
8547.000000	8.076384	0.474180
8547.000000	8.900077	0.514773
8547.000000	9.723771	0.557245
8547.000000	10.547465	0.602190
8547.000000	11.371158	0.651034
8547.000000	12.194852	0.701131
8547.000000	13.018545	0.749566
8547.000000	13.842239	0.793158
8547.000000	14.665933	0.832632
8547.000000	15.489626	0.870204
8547.000000	16.313320	0.909866
8547.000000	17.137013	0.957790
8547.000000	17.960707	1.018295
8547.000000	18.784401	1.095347
8547.000000	19.608094	1.193556
8547.000000	20.431788	1.320548
8872.000000	-19.105505	0.986585
8872.000000	-18.281811	0.913973
8872.000000	-17.458118	0.856886
8872.000000	-16.634424	0.812083
8872.000000	-15.810730	0.775294
8872.000000	-14.987037	0.742478
8872.000000	-14.163343	0.709205
8872.000000	-13.339650	0.672677
8872.000000	-12.515956	0.632948
8872.000000	-11.692262	0.589835
8872.000000	-10.868569	0.547068
8872.000000	-10.044875	0.507334
8872.000000	-9.221182	0.470006
8872.000000	-8.397488	0.434668
8872.000000	-7.573794	0.400317
8872.000000	-6.750101	0.366227
8872.000000	-5.926407	0.331533
8872.000000	-5.102714	0.295333
8872.000000	-4.279020	0.256765
8872.000000	-3.455326	0.215078
8872.000000	-2.631633	0.169868
8872.000000	-1.807939	0.121052
8872.000000	-0.984246	0.068176
8872.000000	-0.160552	0.011358
8872.000000	0.663142	0.046959
8872.000000	1.486835	0.103506
8872.000000	2.310529	0.156849
8872.000000	3.134222	0.207256
8872.000000	3.957916	0.254556
8872.000000	4.781610	0.298686
8872.000000	5.605303	0.340085
8872.000000	6.428997	0.379505
8872.000000	7.252690	0.417973
8872.000000	8.076384	0.456293
8872.000000	8.900077	0.495386
8872.000000	9.723771	0.536305
8872.000000	10.547465	0.579627
8872.000000	11.371158	0.626728
8872.000000	12.194852	0.675068
8872.000000	13.018545	0.721836
8872.000000	13.842239	0.763970
8872.000000	14.665933	0.802171
8872.000000	15.489626	0.838573
8872.000000	16.313320	0.877027
8872.000000	17.137013	0.923491
8872.000000	17.960707	0.982140
8872.000000	18.784401	1.056822
8872.000000	19.608094	1.152013
8872.000000	20.431788	1.275125
9197.000000	-19.105505	0.956596
9197.000000	-18.281811	0.885827
9197.000000	-17.458118	0.830199
9197.000000	-16.634424	0.786543
9197.000000	-15.810730	0.750700
9197.000000	-14.987037	0.718742
9197.000000	-14.163343	0.686367
9197.000000	-13.339650	0.650864
9197.000000	-12.515956	0.612284
9197.000000	-11.692262	0.570453
9197.000000	-10.868569	0.528981
9197.000000	-10.044875	0.490467
9197.000000	-9.221182	0.454302
9197.000000	-8.397488	0.420077
9197.000000	-7.573794	0.386820
9197.000000	-6.750101	0.353829
9197.000000	-5.926407	0.320267
9197.000000	-5.102714	0.285260
9197.000000	-4.279020	0.247970
9197.000000	-3.455326	0.207675
9197.000000	-2.631633	0.164003
9197.000000	-1.807939	0.116891
9197.000000	-0.984246	0.065854
9197.000000	-0.160552	0.010971
9197.000000	0.663142	0.045332
9197.000000	1.486835	0.099854
9197.000000	2.310529	0.151237
9197.000000	3.134222	0.199785
9197.000000	3.957916	0.245343
9197.000000	4.781610	0.287849
9197.000000	5.605303	0.327723
9197.000000	6.428997	0.365696
9197.000000	7.252690	0.402765
9197.000000	8.076384	0.439706
9197.000000	8.900077	0.477406
9197.000000	9.723771	0.516882
9197.000000	10.547465	0.558693
9197.000000	11.371158	0.604171
9197.000000	12.194852	0.650873
9197.000000	13.018545	0.696086
9197.000000	13.842239	0.736855
9197.000000	14.665933	0.773862
9197.000000	15.489626	0.809163
9197.000000	16.313320	0.846479
9197.000000	17.137013	0.891567
9197.000000	17.960707	0.948471
9197.000000	18.784401	1.020921
9197.000000	19.608094	1.113273
9197.000000	20.431788	1.232734
9522.000000	-19.105505	0.928361
9522.000000	-18.281811	0.859351
9522.000000	-17.458118	0.805115
9522.000000	-16.634424	0.762552
9522.000000	-15.810730	0.727612
9522.000000	-14.987037	0.696470
9522.000000	-14.163343	0.664949
9522.000000	-13.339650	0.630417
9522.000000	-12.515956	0.592924
9522.000000	-11.692262	0.552302
9522.000000	-10.868569	0.512049
9522.000000	-10.044875	0.474685
9522.000000	-9.221182	0.439611
9522.000000	-8.397488	0.406432
9522.000000	-7.573794	0.374203
9522.000000	-6.750101	0.342243
9522.000000	-5.926407	0.309741
9522.000000	-5.102714	0.275850
9522.000000	-4.279020	0.239757
9522.000000	-3.455326	0.200767
9522.000000	-2.631633	0.158533
9522.000000	-1.807939	0.113006
9522.000000	-0.984246	0.063682
9522.000000	-0.160552	0.010609
9522.000000	0.663142	0.043818
9522.000000	1.486835	0.096456
9522.000000	2.310529	0.146014
9522.000000	3.134222	0.192833
9522.000000	3.957916	0.236774
9522.000000	4.781610	0.277771
9522.000000	5.605303	0.316227
9522.000000	6.428997	0.352856
9522.000000	7.252690	0.388625
9522.000000	8.076384	0.424283
9522.000000	8.900077	0.460686
9522.000000	9.723771	0.498817
9522.000000	10.547465	0.539220
9522.000000	11.371158	0.583181
9522.000000	12.194852	0.628353
9522.000000	13.018545	0.672110
9522.000000	13.842239	0.711599
9522.000000	14.665933	0.747484
9522.000000	15.489626	0.781748
9522.000000	16.313320	0.817991
9522.000000	17.137013	0.861781
9522.000000	17.960707	0.917038
9522.000000	18.784401	0.987385
9522.000000	19.608094	1.077060
9522.000000	20.431788	1.193078
9847.000000	-19.105505	0.901733
9847.000000	-18.281811	0.834402
9847.000000	-17.458118	0.781493
9847.000000	-16.634424	0.739975
9847.000000	-15.810730	0.705895
9847.000000	-14.987037	0.675533
9847.000000	-14.163343	0.644825
9847.000000	-13.339650	0.611213
9847.000000	-12.515956	0.574748
9847.000000	-11.692262	0.535267
9847.000000	-10.868569	0.496166
9847.000000	-10.044875	0.459885
9847.000000	-9.221182	0.425839
9847.000000	-8.397488	0.393645
9847.000000	-7.573794	0.362382
9847.000000	-6.750101	0.331392
9847.000000	-5.926407	0.299884
9847.000000	-5.102714	0.267039
9847.000000	-4.279020	0.232069
9847.000000	-3.455326	0.194304
9847.000000	-2.631633	0.153419
9847.000000	-1.807939	0.109369
9847.000000	-0.984246	0.061644
9847.000000	-0.160552	0.010270
9847.000000	0.663142	0.042404
9847.000000	1.486835	0.093287
9847.000000	2.310529	0.141142
9847.000000	3.134222	0.186348
9847.000000	3.957916	0.228782
9847.000000	4.781610	0.268375
9847.000000	5.605303	0.305511
9847.000000	6.428997	0.340886
9847.000000	7.252690	0.375444
9847.000000	8.076384	0.409905
9847.000000	8.900077	0.445098
9847.000000	9.723771	0.481972
9847.000000	10.547465	0.521058
9847.000000	11.371158	0.563601
9847.000000	12.194852	0.607340
9847.000000	13.018545	0.649731
9847.000000	13.842239	0.688018
9847.000000	14.665933	0.722847
9847.000000	15.489626	0.756131
9847.000000	16.313320	0.791359
9847.000000	17.137013	0.833923
9847.000000	17.960707	0.887624
9847.000000	18.784401	0.955985
9847.000000	19.608094	1.043134
9847.000000	20.431788	1.155901
10172.000000	-19.105505	0.876579
10172.000000	-18.281811	0.810851
10172.000000	-17.458118	0.759210
10172.000000	-16.634424	0.718689
10172.000000	-15.810730	0.685432
10172.000000	-14.987037	0.655813
10172.000000	-14.163343	0.625879
10172.000000	-13.339650	0.593142
10172.000000	-12.515956	0.557651
10172.000000	-11.692262	0.519250
10172.000000	-10.868569	0.481238
10172.000000	-10.044875	0.445979
10172.000000	-9.221182	0.412903
10172.000000	-8.397488	0.381636
10172.000000	-7.573794	0.351285
10172.000000	-6.750101	0.321208
10172.000000	-5.926407	0.290635
10172.000000	-5.102714	0.258773
10172.000000	-4.279020	0.224858
10172.000000	-3.455326	0.188246
10172.000000	-2.631633	0.148626
10172.000000	-1.807939	0.105956
10172.000000	-0.984246	0.059727
10172.000000	-0.160552	0.010000
10172.000000	0.663142	0.041081
10172.000000	1.486835	0.090326
10172.000000	2.310529	0.136586
10172.000000	3.134222	0.180284
10172.000000	3.957916	0.221312
10172.000000	4.781610	0.259594
10172.000000	5.605303	0.295497
10172.000000	6.428997	0.329702
10172.000000	7.252690	0.363127
10172.000000	8.076384	0.396469
10172.000000	8.900077	0.430529
10172.000000	9.723771	0.466227
10172.000000	10.547465	0.504079
10172.000000	11.371158	0.545293
10172.000000	12.194852	0.587686
10172.000000	13.018545	0.628794
10172.000000	13.842239	0.665950
10172.000000	14.665933	0.699782
10172.000000	15.489626	0.732141
10172.000000	16.313320	0.766408
10172.000000	17.137013	0.807811
10172.000000	17.960707	0.860041
10172.000000	18.784401	0.926524
10172.000000	19.608094	1.011283
10172.000000	20.431788	1.120975
10497.000000	-19.105505	0.852780
10497.000000	-18.281811	0.788585
10497.000000	-17.458118	0.738156
10497.000000	-16.634424	0.698588
10497.000000	-15.810730	0.666117
10497.000000	-14.987037	0.637208
10497.000000	-14.163343	0.608011
10497.000000	-13.339650	0.576105
10497.000000	-12.515956	0.541539
10497.000000	-11.692262	0.504162
10497.000000	-10.868569	0.467179
10497.000000	-10.044875	0.432888
10497.000000	-9.221182	0.400729
10497.000000	-8.397488	0.370337
10497.000000	-7.573794	0.340847
10497.000000	-6.750101	0.311631
10497.000000	-5.926407	0.281940
10497.000000	-5.102714	0.251002
10497.000000	-4.279020	0.218082
10497.000000	-3.455326	0.182555
10497.000000	-2.631633	0.144124
10497.000000	-1.807939	0.102747
10497.000000	-0.984246	0.057923
10497.000000	-0.160552	0.010000
10497.000000	0.663142	0.039840
10497.000000	1.486835	0.087550
10497.000000	2.310529	0.132317
10497.000000	3.134222	0.174604
10497.000000	3.957916	0.214315
10497.000000	4.781610	0.251369
10497.000000	5.605303	0.286119
10497.000000	6.428997	0.319229
10497.000000	7.252690	0.351592
10497.000000	8.076384	0.383886
10497.000000	8.900077	0.416884
10497.000000	9.723771	0.451478
10497.000000	10.547465	0.488172
10497.000000	11.371158	0.528137
10497.000000	12.194852	0.569264
10497.000000	13.018545	0.609165
10497.000000	13.842239	0.645254
10497.000000	14.665933	0.678144
10497.000000	15.489626	0.709626
10497.000000	16.313320	0.742983
10497.000000	17.137013	0.783286
10497.000000	17.960707	0.834122
10497.000000	18.784401	0.898826
10497.000000	19.608094	0.981322
10497.000000	20.431788	1.088102
10822.000000	-19.105505	0.830230
10822.000000	-18.281811	0.767502
10822.000000	-17.458118	0.718233
10822.000000	-16.634424	0.679576
10822.000000	-15.810730	0.647856
10822.000000	-14.987037	0.619626
10822.000000	-14.163343	0.591132
10822.000000	-13.339650	0.560018
10822.000000	-12.515956	0.526330
10822.000000	-11.692262	0.489923
10822.000000	-10.868569	0.453917
10822.000000	-10.044875	0.420542
10822.000000	-9.221182	0.389251
10822.000000	-8.397488	0.359689
10822.000000	-7.573794	0.331012
10822.000000	-6.750101	0.302610
10822.000000	-5.926407	0.273750
10822.000000	-5.102714	0.243684
10822.000000	-4.279020	0.211702
10822.000000	-3.455326	0.177198
10822.000000	-2.631633	0.139886
10822.000000	-1.807939	0.099726
10822.000000	-0.984246	0.056223
10822.000000	-0.160552	0.010000
10822.000000	0.663142	0.038673
10822.000000	1.486835	0.084944
10822.000000	2.310529	0.128309
10822.000000	3.134222	0.169271
10822.000000	3.957916	0.207746
10822.000000	4.781610	0.243650
10822.000000	5.605303	0.277317
10822.000000	6.428997	0.309400
10822.000000	7.252690	0.340768
10822.000000	8.076384	0.372077
10822.000000	8.900077	0.404077
10822.000000	9.723771	0.437634
10822.000000	10.547465	0.473238
10822.000000	11.371158	0.512027
10822.000000	12.194852	0.551962
10822.000000	13.018545	0.590723
10822.000000	13.842239	0.625805
10822.000000	14.665933	0.657803
10822.000000	15.489626	0.688455
10822.000000	16.313320	0.720949
10822.000000	17.137013	0.760208
10822.000000	17.960707	0.809721
10822.000000	18.784401	0.872738
10822.000000	19.608094	0.953088
10822.000000	20.431788	1.057104
11147.000000	-19.105505	0.808835
11147.000000	-18.281811	0.747511
11147.000000	-17.458118	0.699351
11147.000000	-16.634424	0.661567
11147.000000	-15.810730	0.630566
11147.000000	-14.987037	0.602984
11147.000000	-14.163343	0.575162
11147.000000	-13.339650	0.544802
11147.000000	-12.515956	0.511949
11147.000000	-11.692262	0.476466
11147.000000	-10.868569	0.441386
11147.000000	-10.044875	0.408880
11147.000000	-9.221182	0.378412
11147.000000	-8.397488	0.349635
11147.000000	-7.573794	0.321729
11147.000000	-6.750101	0.294096
11147.000000	-5.926407	0.266023
11147.000000	-5.102714	0.236782
11147.000000	-4.279020	0.205685
11147.000000	-3.455326	0.172146
11147.000000	-2.631633	0.135889
11147.000000	-1.807939	0.096876
11147.000000	-0.984246	0.054621
11147.000000	-0.160552	0.010000
11147.000000	0.663142	0.037573
11147.000000	1.486835	0.082491
11147.000000	2.310529	0.124540
11147.000000	3.134222	0.164256
11147.000000	3.957916	0.201569
11147.000000	4.781610	0.236390
11147.000000	5.605303	0.269042
11147.000000	6.428997	0.300160
11147.000000	7.252690	0.330591
11147.000000	8.076384	0.360973
11147.000000	8.900077	0.392033
11147.000000	9.723771	0.424613
11147.000000	10.547465	0.459191
11147.000000	11.371158	0.496871
11147.000000	12.194852	0.535680
11147.000000	13.018545	0.573366
11147.000000	13.842239	0.607494
11147.000000	14.665933	0.638648
11147.000000	15.489626	0.668511
11147.000000	16.313320	0.700183
11147.000000	17.137013	0.738450
11147.000000	17.960707	0.786707
11147.000000	18.784401	0.848123
11147.000000	19.608094	0.926434
11147.000000	20.431788	1.027825
11472.000000	-19.105505	0.788508
11472.000000	-18.281811	0.728529
11472.000000	-17.458118	0.681432
11472.000000	-16.634424	0.644484
11472.000000	-15.810730	0.614172
11472.000000	-14.987037	0.587210
11472.000000	-14.163343	0.560030
11472.000000	-13.339650	0.530388
11472.000000	-12.515956	0.498332
11472.000000	-11.692262	0.463726
11472.000000	-10.868569	0.429527
11472.000000	-10.044875	0.397846
11472.000000	-9.221182	0.368161
11472.000000	-8.397488	0.340130
11472.000000	-7.573794	0.312953
11472.000000	-6.750101	0.286049
11472.000000	-5.926407	0.258722
11472.000000	-5.102714	0.230262
11472.000000	-4.279020	0.200002
11472.000000	-3.455326	0.167373
11472.000000	-2.631633	0.132111
11472.000000	-1.807939	0.094185
11472.000000	-0.984246	0.053109
11472.000000	-0.160552	0.010000
11472.000000	0.663142	0.036535
11472.000000	1.486835	0.080177
11472.000000	2.310529	0.120990
11472.000000	3.134222	0.159532
11472.000000	3.957916	0.195750
11472.000000	4.781610	0.229551
11472.000000	5.605303	0.261246
11472.000000	6.428997	0.291456
11472.000000	7.252690	0.321004
11472.000000	8.076384	0.350512
11472.000000	8.900077	0.380686
11472.000000	9.723771	0.412345
11472.000000	10.547465	0.445953
11472.000000	11.371158	0.482587
11472.000000	12.194852	0.520332
11472.000000	13.018545	0.556998
11472.000000	13.842239	0.590224
11472.000000	14.665933	0.620576
11472.000000	15.489626	0.649690
11472.000000	16.313320	0.680581
11472.000000	17.137013	0.717904
11472.000000	17.960707	0.764966
11472.000000	18.784401	0.824858
11472.000000	19.608094	0.901231
11472.000000	20.431788	1.000127
11797.000000	-19.105505	0.769171
11797.000000	-18.281811	0.710483
11797.000000	-17.458118	0.664404
11797.000000	-16.634424	0.628257
11797.000000	-15.810730	0.598606
11797.000000	-14.987037	0.572238
11797.000000	-14.163343	0.545670
11797.000000	-13.339650	0.516715
11797.000000	-12.515956	0.485419
11797.000000	-11.692262	0.451648
11797.000000	-10.868569	0.418286
11797.000000	-10.044875	0.387390
11797.000000	-9.221182	0.358449
11797.000000	-8.397488	0.331128
11797.000000	-7.573794	0.304644
11797.000000	-6.750101	0.278430
11797.000000	-5.926407	0.251810
11797.000000	-5.102714	0.224094
11797.000000	-4.279020	0.194626
11797.000000	-3.455326	0.162857
11797.000000	-2.631633	0.128537
11797.000000	-1.807939	0.091640
11797.000000	-0.984246	0.051683
11797.000000	-0.160552	0.010000
11797.000000	0.663142	0.035554
11797.000000	1.486835	0.077992
11797.000000	2.310529	0.117638
11797.000000	3.134222	0.155074
11797.000000	3.957916	0.190258
11797.000000	4.781610	0.223096
11797.000000	5.605303	0.253890
11797.000000	6.428997	0.283244
11797.000000	7.252690	0.311958
11797.000000	8.076384	0.340639
11797.000000	8.900077	0.369976
11797.000000	9.723771	0.400765
11797.000000	10.547465	0.433458
11797.000000	11.371158	0.469100
11797.000000	12.194852	0.505838
11797.000000	13.018545	0.541539
11797.000000	13.842239	0.573908
11797.000000	14.665933	0.603498
11797.000000	15.489626	0.631900
11797.000000	16.313320	0.662046
11797.000000	17.137013	0.698470
11797.000000	17.960707	0.744394
11797.000000	18.784401	0.802836
11797.000000	19.608094	0.877364
11797.000000	20.431788	0.973882
12122.000000	-19.105505	0.750754
12122.000000	-18.281811	0.693304
12122.000000	-17.458118	0.648203
12122.000000	-16.634424	0.612824
12122.000000	-15.810730	0.583806
12122.000000	-14.987037	0.558007
12122.000000	-14.163343	0.532026
12122.000000	-13.339650	0.503727
12122.000000	-12.515956	0.473156
12122.000000	-11.692262	0.440182
12122.000000	-10.868569	0.407618
12122.000000	-10.044875	0.377470
12122.000000	-9.221182	0.349237
12122.000000	-8.397488	0.322591
12122.000000	-7.573794	0.296765
12122.000000	-6.750101	0.271207
12122.000000	-5.926407	0.245259
12122.000000	-5.102714	0.218248
12122.000000	-4.279020	0.189531
12122.000000	-3.455326	0.158577
12122.000000	-2.631633	0.125150
12122.000000	-1.807939	0.089232
12122.000000	-0.984246	0.050336
12122.000000	-0.160552	0.010000
12122.000000	0.663142	0.034626
12122.000000	1.486835	0.075924
12122.000000	2.310529	0.114470
12122.000000	3.134222	0.150859
12122.000000	3.957916	0.185066
12122.000000	4.781610	0.216994
12122.000000	5.605303	0.246937
12122.000000	6.428997	0.275482
12122.000000	7.252690	0.303408
12122.000000	8.076384	0.331308
12122.000000	8.900077	0.359853
12122.000000	9.723771	0.389817
12122.000000	10.547465	0.421643
12122.000000	11.371158	0.456347
12122.000000	12.194852	0.492129
12122.000000	13.018545	0.526914
12122.000000	13.842239	0.558469
12122.000000	14.665933	0.587335
12122.000000	15.489626	0.615057
12122.000000	16.313320	0.644493
12122.000000	17.137013	0.680059
12122.000000	17.960707	0.724900
12122.000000	18.784401	0.781959
12122.000000	19.608094	0.854729
12122.000000	20.431788	0.948981
12447.000000	-19.105505	0.733194
12447.000000	-18.281811	0.676932
12447.000000	-17.458118	0.632769
12447.000000	-16.634424	0.598128
12447.000000	-15.810730	0.569717
12447.000000	-14.987037	0.544464
12447.000000	-14.163343	0.519045
12447.000000	-13.339650	0.491374
12447.000000	-12.515956	0.461496
12447.000000	-11.692262	0.429284
12447.000000	-10.868569	0.397480
12447.000000	-10.044875	0.368044
12447.000000	-9.221182	0.340486
12447.000000	-8.397488	0.314482
12447.000000	-7.573794	0.289283
12447.000000	-6.750101	0.264348
12447.000000	-5.926407	0.239041
12447.000000	-5.102714	0.212700
12447.000000	-4.279020	0.184697
12447.000000	-3.455326	0.154517
12447.000000	-2.631633	0.121938
12447.000000	-1.807939	0.086952
12447.000000	-0.984246	0.049064
12447.000000	-0.160552	0.010000
12447.000000	0.663142	0.033748
12447.000000	1.486835	0.073966
12447.000000	2.310529	0.111470
12447.000000	3.134222	0.146869
12447.000000	3.957916	0.180151
12447.000000	4.781610	0.211217
12447.000000	5.605303	0.240355
12447.000000	6.428997	0.268134
12447.000000	7.252690	0.295315
12447.000000	8.076384	0.322474
12447.000000	8.900077	0.350268
12447.000000	9.723771	0.379451
12447.000000	10.547465	0.410454
12447.000000	11.371158	0.444268
12447.000000	12.194852	0.479143
12447.000000	13.018545	0.513058
12447.000000	13.842239	0.543838
12447.000000	14.665933	0.572014
12447.000000	15.489626	0.599089
12447.000000	16.313320	0.627847
12447.000000	17.137013	0.662594
12447.000000	17.960707	0.706400
12447.000000	18.784401	0.762141
12447.000000	19.608094	0.833232
12447.000000	20.431788	0.925321
12772.000000	-19.105505	0.716430
12772.000000	-18.281811	0.661311
12772.000000	-17.458118	0.618050
12772.000000	-16.634424	0.584118
12772.000000	-15.810730	0.556290
12772.000000	-14.987037	0.531561
12772.000000	-14.163343	0.506681
12772.000000	-13.339650	0.479612
12772.000000	-12.515956	0.450397
12772.000000	-11.692262	0.418911
12772.000000	-10.868569	0.387833
12772.000000	-10.044875	0.359076
12772.000000	-9.221182	0.332162
12772.000000	-8.397488	0.306771
12772.000000	-7.573794	0.282168
12772.000000	-6.750101	0.257828
12772.000000	-5.926407	0.233130
12772.000000	-5.102714	0.207427
12772.000000	-4.279020	0.180104
12772.000000	-3.455326	0.150659
12772.000000	-2.631633	0.118888
12772.000000	-1.807939	0.084791
12772.000000	-0.984246	0.047861
12772.000000	-0.160552	0.010000
12772.000000	0.663142	0.032916
12772.000000	1.486835	0.072109
12772.000000	2.310529	0.108624
12772.000000	3.134222	0.143085
12772.000000	3.957916	0.175490
12772.000000	4.781610	0.205741
12772.000000	5.605303	0.234115
12772.000000	6.428997	0.261169
12772.000000	7.252690	0.287642
12772.000000	8.076384	0.314099
12772.000000	8.900077	0.341180
12772.000000	9.723771	0.369622
12772.000000	10.547465	0.399844
12772.000000	11.371158	0.432812
12772.000000	12.194852	0.466825
12772.000000	13.018545	0.499912
12772.000000	13.842239	0.529955
12772.000000	14.665933	0.557473
12772.000000	15.489626	0.583928
12772.000000	16.313320	0.612039
12772.000000	17.137013	0.646003
12772.000000	17.960707	0.688820
12772.000000	18.784401	0.743301
12772.000000	19.608094	0.812790
12772.000000	20.431788	0.902812
13097.000000	-19.105505	0.700412
13097.000000	-18.281811	0.646391
13097.000000	-17.458118	0.603997
13097.000000	-16.634424	0.570745
13097.000000	-15.810730	0.543479
13097.000000	-14.987037	0.519253
13097.000000	-14.163343	0.494891
13097.000000	-13.339650	0.468398
13097.000000	-12.515956	0.439817
13097.000000	-11.692262	0.409027
13097.000000	-10.868569	0.378644
13097.000000	-10.044875	0.350536
13097.000000	-9.221182	0.324235
13097.000000	-8.397488	0.299427
13097.000000	-7.573794	0.275394
13097.000000	-6.750101	0.251621
13097.000000	-5.926407	0.227503
13097.000000	-5.102714	0.202409
13097.000000	-4.279020	0.175733
13097.000000	-3.455326	0.146990
13097.000000	-2.631633	0.115989
13097.000000	-1.807939	0.082742
13097.000000	-0.984246	0.046724
13097.000000	-0.160552	0.010000
13097.000000	0.663142	0.032129
13097.000000	1.486835	0.070346
13097.000000	2.310529	0.105920
13097.000000	3.134222	0.139491
13097.000000	3.957916	0.171064
13097.000000	4.781610	0.200541
13097.000000	5.605303	0.228191
13097.000000	6.428997	0.254555
13097.000000	7.252690	0.280357
13097.000000	8.076384	0.306148
13097.000000	8.900077	0.332553
13097.000000	9.723771	0.360289
13097.000000	10.547465	0.389768
13097.000000	11.371158	0.421930
13097.000000	12.194852	0.455123
13097.000000	13.018545	0.487422
13097.000000	13.842239	0.516762
13097.000000	14.665933	0.543652
13097.000000	15.489626	0.569516
13097.000000	16.313320	0.597006
13097.000000	17.137013	0.630222
13097.000000	17.960707	0.672093
13097.000000	18.784401	0.725371
13097.000000	19.608094	0.793326
13097.000000	20.431788	0.881372
13422.000000	-19.105505	0.685089
13422.000000	-18.281811	0.632125
13422.000000	-17.458118	0.590565
13422.000000	-16.634424	0.557969
13422.000000	-15.810730	0.531242
13422.000000	-14.987037	0.507501
13422.000000	-14.163343	0.483635
13422.000000	-13.339650	0.457695
13422.000000	-12.515956	0.429723
13422.000000	-11.692262	0.399598
13422.000000	-10.868569	0.369879
13422.000000	-10.044875	0.342392
13422.000000	-9.221182	0.316677
13422.000000	-8.397488	0.292426
13422.000000	-7.573794	0.268936
13422.000000	-6.750101	0.245705
13422.000000	-5.926407	0.222142
13422.000000	-5.102714	0.197628
13422.000000	-4.279020	0.171570
13422.000000	-3.455326	0.143496
13422.000000	-2.631633	0.113232
13422.000000	-1.807939	0.080797
13422.000000	-0.984246	0.045648
13422.000000	-0.160552	0.010000
13422.000000	0.663142	0.031382
13422.000000	1.486835	0.068670
13422.000000	2.310529	0.103348
13422.000000	3.134222	0.136073
13422.000000	3.957916	0.166856
13422.000000	4.781610	0.195598
13422.000000	5.605303	0.222559
13422.000000	6.428997	0.248268
13422.000000	7.252690	0.273432
13422.000000	8.076384	0.298589
13422.000000	8.900077	0.324350
13422.000000	9.723771	0.351416
13422.000000	10.547465	0.380186
13422.000000	11.371158	0.411582
13422.000000	12.194852	0.443992
13422.000000	13.018545	0.475540
13422.000000	13.842239	0.504210
13422.000000	14.665933	0.530499
13422.000000	15.489626	0.555797
13422.000000	16.313320	0.582694
13422.000000	17.137013	0.615194
13422.000000	17.960707	0.656159
13422.000000	18.784401	0.708284
13422.000000	19.608094	0.774773
13422.000000	20.431788	0.860927
13747.000000	-19.105505	0.670418
13747.000000	-18.281811	0.618473
13747.000000	-17.458118	0.577715
13747.000000	-16.634424	0.545750
13747.000000	-15.810730	0.519542
13747.000000	-14.987037	0.496267
13747.000000	-14.163343	0.472879
13747.000000	-13.339650	0.447470
13747.000000	-12.515956	0.420081
13747.000000	-11.692262	0.390594
13747.000000	-10.868569	0.361511
13747.000000	-10.044875	0.334618
13747.000000	-9.221182	0.309463
13747.000000	-8.397488	0.285744
13747.000000	-7.573794	0.262773
13747.000000	-6.750101	0.240060
13747.000000	-5.926407	0.217027
13747.000000	-5.102714	0.193067
13747.000000	-4.279020	0.167599
13747.000000	-3.455326	0.140165
13747.000000	-2.631633	0.110604
13747.000000	-1.807939	0.078946
13747.000000	-0.984246	0.044625
13747.000000	-0.160552	0.010000
13747.000000	0.663142	0.030672
13747.000000	1.486835	0.067075
13747.000000	2.310529	0.100899
13747.000000	3.134222	0.132817
13747.000000	3.957916	0.162850
13747.000000	4.781610	0.190893
13747.000000	5.605303	0.217198
13747.000000	6.428997	0.242284
13747.000000	7.252690	0.266841
13747.000000	8.076384	0.291395
13747.000000	8.900077	0.316543
13747.000000	9.723771	0.342969
13747.000000	10.547465	0.371064
13747.000000	11.371158	0.401728
13747.000000	12.194852	0.433393
13747.000000	13.018545	0.464224
13747.000000	13.842239	0.492253
13747.000000	14.665933	0.517968
13747.000000	15.489626	0.542723
13747.000000	16.313320	0.569051
13747.000000	17.137013	0.600864
13747.000000	17.960707	0.640962
13747.000000	18.784401	0.691983
13747.000000	19.608094	0.757066
13747.000000	20.431788	0.841407
14072.000000	-19.105505	0.656359
14072.000000	-18.281811	0.605394
14072.000000	-17.458118	0.565410
14072.000000	-16.634424	0.534052
14072.000000	-15.810730	0.508344
14072.000000	-14.987037	0.485517
14072.000000	-14.163343	0.462589
14072.000000	-13.339650	0.437691
14072.000000	-12.515956	0.410861
14072.000000	-11.692262	0.381986
14072.000000	-10.868569	0.353513
14072.000000	-10.044875	0.327189
14072.000000	-9.221182	0.302570
14072.000000	-8.397488	0.279360
14072.000000	-7.573794	0.256886
14072.000000	-6.750101	0.234669
14072.000000	-5.926407	0.212141
14072.000000	-5.102714	0.188712
14072.000000	-4.279020	0.163808
14072.000000	-3.455326	0.136986
14072.000000	-2.631633	0.108098
14072.000000	-1.807939	0.077181
14072.000000	-0.984246	0.043650
14072.000000	-0.160552	0.010000
14072.000000	0.663142	0.029995
14072.000000	1.486835	0.065554
14072.000000	2.310529	0.098562
14072.000000	3.134222	0.129714
14072.000000	3.957916	0.159032
14072.000000	4.781610	0.186409
14072.000000	5.605303	0.212090
14072.000000	6.428997	0.236581
14072.000000	7.252690	0.260560
14072.000000	8.076384	0.284540
14072.000000	8.900077	0.309103
14072.000000	9.723771	0.334918
14072.000000	10.547465	0.362369
14072.000000	11.371158	0.392335
14072.000000	12.194852	0.423287
14072.000000	13.018545	0.453433
14072.000000	13.842239	0.480850
14072.000000	14.665933	0.506014
14072.000000	15.489626	0.530250
14072.000000	16.313320	0.556032
14072.000000	17.137013	0.587186
14072.000000	17.960707	0.626453
14072.000000	18.784401	0.676414
14072.000000	19.608094	0.740150
14072.000000	20.431788	0.822752
14397.000000	-19.105505	0.642875
14397.000000	-18.281811	0.592855
14397.000000	-17.458118	0.553616
14397.000000	-16.634424	0.522844
14397.000000	-15.810730	0.497617
14397.000000	-14.987037	0.475222
14397.000000	-14.163343	0.452737
14397.000000	-13.339650	0.428328
14397.000000	-12.515956	0.402036
14397.000000	-11.692262	0.373748
14397.000000	-10.868569	0.345861
14397.000000	-10.044875	0.320082
14397.000000	-9.221182	0.295977
14397.000000	-8.397488	0.273255
14397.000000	-7.573794	0.251257
14397.000000	-6.750101	0.229514
14397.000000	-5.926407	0.207471
14397.000000	-5.102714	0.184549
14397.000000	-4.279020	0.160186
14397.000000	-3.455326	0.133949
14397.000000	-2.631633	0.105703
14397.000000	-1.807939	0.075492
14397.000000	-0.984246	0.042715
14397.000000	-0.160552	0.010000
14397.000000	0.663142	0.029348
14397.000000	1.486835	0.064102
14397.000000	2.310529	0.096332
14397.000000	3.134222	0.126751
14397.000000	3.957916	0.155389
14397.000000	4.781610	0.182131
14397.000000	5.605303	0.207216
14397.000000	6.428997	0.231140
14397.000000	7.252690	0.254567
14397.000000	8.076384	0.277999
14397.000000	8.900077	0.302004
14397.000000	9.723771	0.327236
14397.000000	10.547465	0.354072
14397.000000	11.371158	0.383371
14397.000000	12.194852	0.413642
14397.000000	13.018545	0.443132
14397.000000	13.842239	0.469963
14397.000000	14.665933	0.494599
14397.000000	15.489626	0.518336
14397.000000	16.313320	0.543595
14397.000000	17.137013	0.574117
14397.000000	17.960707	0.612585
14397.000000	18.784401	0.661530
14397.000000	19.608094	0.723972
14397.000000	20.431788	0.804905
14722.000000	-19.105505	0.629931
14722.000000	-18.281811	0.580822
14722.000000	-17.458118	0.542302
14722.000000	-16.634424	0.512094
14722.000000	-15.810730	0.487331
14722.000000	-14.987037	0.465354
14722.000000	-14.163343	0.443294
14722.000000	-13.339650	0.419357
14722.000000	-12.515956	0.393582
14722.000000	-11.692262	0.365858
14722.000000	-10.868569	0.338533
14722.000000	-10.044875	0.313277
14722.000000	-9.221182	0.289665
14722.000000	-8.397488	0.267411
14722.000000	-7.573794	0.245869
14722.000000	-6.750101	0.224580
14722.000000	-5.926407	0.203002
14722.000000	-5.102714	0.180566
14722.000000	-4.279020	0.156720
14722.000000	-3.455326	0.131044
14722.000000	-2.631633	0.103411
14722.000000	-1.807939	0.073872
14722.000000	-0.984246	0.041814
14722.000000	-0.160552	0.010000
14722.000000	0.663142	0.028728
14722.000000	1.486835	0.062713
14722.000000	2.310529	0.094200
14722.000000	3.134222	0.123921
14722.000000	3.957916	0.151908
14722.000000	4.781610	0.178045
14722.000000	5.605303	0.202560
14722.000000	6.428997	0.225943
14722.000000	7.252690	0.248844
14722.000000	8.076384	0.271752
14722.000000	8.900077	0.295224
14722.000000	9.723771	0.319899
14722.000000	10.547465	0.346146
14722.000000	11.371158	0.374808
14722.000000	12.194852	0.404427
14722.000000	13.018545	0.433289
14722.000000	13.842239	0.459557
14722.000000	14.665933	0.483687
14722.000000	15.489626	0.506946
14722.000000	16.313320	0.531702
14722.000000	17.137013	0.561616
14722.000000	17.960707	0.599317
14722.000000	18.784401	0.647286
14722.000000	19.608094	0.708485
14722.000000	20.431788	0.787814
15047.000000	-19.105505	0.617495
15047.000000	-18.281811	0.569266
15047.000000	-17.458118	0.531438
15047.000000	-16.634424	0.501776
15047.000000	-15.810730	0.477461
15047.000000	-14.987037	0.455885
15047.000000	-14.163343	0.434236
15047.000000	-13.339650	0.410753
15047.000000	-12.515956	0.385474
15047.000000	-11.692262	0.358293
15047.000000	-10.868569	0.331507
15047.000000	-10.044875	0.306755
15047.000000	-9.221182	0.283616
15047.000000	-8.397488	0.261812
15047.000000	-7.573794	0.240708
15047.000000	-6.750101	0.219855
15047.000000	-5.926407	0.198722
15047.000000	-5.102714	0.176752
15047.000000	-4.279020	0.153402
15047.000000	-3.455326	0.128262
15047.000000	-2.631633	0.101216
15047.000000	-1.807939	0.072315
15047.000000	-0.984246	0.040945
15047.000000	-0.160552	0.010000
15047.000000	0.663142	0.028132
15047.000000	1.486835	0.061383
15047.000000	2.310529	0.092160
15047.000000	3.134222	0.121213
15047.000000	3.957916	0.148580
15047.000000	4.781610	0.174139
15047.000000	5.605303	0.198109
15047.000000	6.428997	0.220974
15047.000000	7.252690	0.243371
15047.000000	8.076384	0.265780
15047.000000	8.900077	0.288742
15047.000000	9.723771	0.312883
15047.000000	10.547465	0.338567
15047.000000	11.371158	0.366619
15047.000000	12.194852	0.395614
15047.000000	13.018545	0.423874
15047.000000	13.842239	0.449602
15047.000000	14.665933	0.473246
15047.000000	15.489626	0.496044
15047.000000	16.313320	0.520317
15047.000000	17.137013	0.549648
15047.000000	17.960707	0.586612
15047.000000	18.784401	0.633642
15047.000000	19.608094	0.693646
15047.000000	20.431788	0.771432
15372.000000	-19.105505	0.605538
15372.000000	-18.281811	0.558159
15372.000000	-17.458118	0.521000
15372.000000	-16.634424	0.491863
15372.000000	-15.810730	0.467982
15372.000000	-14.987037	0.446793
15372.000000	-14.163343	0.425539
15372.000000	-13.339650	0.402494
15372.000000	-12.515956	0.377694
15372.000000	-11.692262	0.351033
15372.000000	-10.868569	0.324767
15372.000000	-10.044875	0.300498
15372.000000	-9.221182	0.277815
15372.000000	-8.397488	0.256443
15372.000000	-7.573794	0.235760
15372.000000	-6.750101	0.215325
15372.000000	-5.926407	0.194619
15372.000000	-5.102714	0.173095
15372.000000	-4.279020	0.150222
15372.000000	-3.455326	0.125597
15372.000000	-2.631633	0.099111
15372.000000	-1.807939	0.070817
15372.000000	-0.984246	0.040105
15372.000000	-0.160552	0.010000
15372.000000	0.663142	0.027560
15372.000000	1.486835	0.060109
15372.000000	2.310529	0.090206
15372.000000	3.134222	0.118621
15372.000000	3.957916	0.145394
15372.000000	4.781610	0.170399
15372.000000	5.605303	0.193849
15372.000000	6.428997	0.216219
15372.000000	7.252690	0.238134
15372.000000	8.076384	0.260064
15372.000000	8.900077	0.282538
15372.000000	9.723771	0.306168
15372.000000	10.547465	0.331314
15372.000000	11.371158	0.358781
15372.000000	12.194852	0.387177
15372.000000	13.018545	0.414859
15372.000000	13.842239	0.440068
15372.000000	14.665933	0.463245
15372.000000	15.489626	0.485601
15372.000000	16.313320	0.509408
15372.000000	17.137013	0.538178
15372.000000	17.960707	0.574433
15372.000000	18.784401	0.620560
15372.000000	19.608094	0.679414
15372.000000	20.431788	0.755715
15697.000000	-19.105505	0.594033
15697.000000	-18.281811	0.547474
15697.000000	-17.458118	0.510962
15697.000000	-16.634424	0.482334
15697.000000	-15.810730	0.458870
15697.000000	-14.987037	0.438056
15697.000000	-14.163343	0.417183
15697.000000	-13.339650	0.394559
15697.000000	-12.515956	0.370220
15697.000000	-11.692262	0.344061
15697.000000	-10.868569	0.318294
15697.000000	-10.044875	0.294491
15697.000000	-9.221182	0.272246
15697.000000	-8.397488	0.251289
15697.000000	-7.573794	0.231011
15697.000000	-6.750101	0.210977
15697.000000	-5.926407	0.190682
15697.000000	-5.102714	0.169587
15697.000000	-4.279020	0.147171
15697.000000	-3.455326	0.123041
15697.000000	-2.631633	0.097092
15697.000000	-1.807939	0.069377
15697.000000	-0.984246	0.039295
15697.000000	-0.160552	0.010000
15697.000000	0.663142	0.027010
15697.000000	1.486835	0.058887
15697.000000	2.310529	0.088334
15697.000000	3.134222	0.116138
15697.000000	3.957916	0.142342
15697.000000	4.781610	0.166818
15697.000000	5.605303	0.189769
15697.000000	6.428997	0.211664
15697.000000	7.252690	0.233118
15697.000000	8.076384	0.254589
15697.000000	8.900077	0.276595
15697.000000	9.723771	0.299736
15697.000000	10.547465	0.324364
15697.000000	11.371158	0.351270
15697.000000	12.194852	0.379092
15697.000000	13.018545	0.406219
15697.000000	13.842239	0.430930
15697.000000	14.665933	0.453658
15697.000000	15.489626	0.475588
15697.000000	16.313320	0.498948
15697.000000	17.137013	0.527177
15697.000000	17.960707	0.562749
15697.000000	18.784401	0.608006
15697.000000	19.608094	0.665753
15697.000000	20.431788	0.740624
16022.000000	-19.105505	0.582954
16022.000000	-18.281811	0.537189
16022.000000	-17.458118	0.501302
16022.000000	-16.634424	0.473165
16022.000000	-15.810730	0.450106
16022.000000	-14.987037	0.429653
16022.000000	-14.163343	0.409148
16022.000000	-13.339650	0.386931
16022.000000	-12.515956	0.363035
16022.000000	-11.692262	0.337361
16022.000000	-10.868569	0.312075
16022.000000	-10.044875	0.288719
16022.000000	-9.221182	0.266896
16022.000000	-8.397488	0.246339
16022.000000	-7.573794	0.226449
16022.000000	-6.750101	0.206802
16022.000000	-5.926407	0.186901
16022.000000	-5.102714	0.166219
16022.000000	-4.279020	0.144242
16022.000000	-3.455326	0.120587
16022.000000	-2.631633	0.095154
16022.000000	-1.807939	0.067993
16022.000000	-0.984246	0.038514
16022.000000	-0.160552	0.010000
16022.000000	0.663142	0.026482
16022.000000	1.486835	0.057716
16022.000000	2.310529	0.086540
16022.000000	3.134222	0.113757
16022.000000	3.957916	0.139416
16022.000000	4.781610	0.163383
16022.000000	5.605303	0.185857
16022.000000	6.428997	0.207298
16022.000000	7.252690	0.228309
16022.000000	8.076384	0.249340
16022.000000	8.900077	0.270896
16022.000000	9.723771	0.293568
16022.000000	10.547465	0.317700
16022.000000	11.371158	0.344068
16022.000000	12.194852	0.371338
16022.000000	13.018545	0.397932
16022.000000	13.842239	0.422164
16022.000000	14.665933	0.444459
16022.000000	15.489626	0.465979
16022.000000	16.313320	0.488907
16022.000000	17.137013	0.516615
16022.000000	17.960707	0.551529
16022.000000	18.784401	0.595949
16022.000000	19.608094	0.652629
16022.000000	20.431788	0.726122
16347.000000	-19.105505	0.572270
16347.000000	-18.281811	0.527283
16347.000000	-17.458118	0.491999
16347.000000	-16.634424	0.464337
16347.000000	-15.810730	0.441669
16347.000000	-14.987037	0.421565
16347.000000	-14.163343	0.401416
16347.000000	-13.339650	0.379591
16347.000000	-12.515956	0.356124
16347.000000	-11.692262	0.330916
16347.000000	-10.868569	0.306093
16347.000000	-10.044875	0.283169
16347.000000	-9.221182	0.261752
16347.000000	-8.397488	0.241580
16347.000000	-7.573794	0.222065
16347.000000	-6.750101	0.202790
16347.000000	-5.926407	0.183267
16347.000000	-5.102714	0.162982
16347.000000	-4.279020	0.141428
16347.000000	-3.455326	0.118230
16347.000000	-2.631633	0.093292
16347.000000	-1.807939	0.066663
16347.000000	-0.984246	0.037763
16347.000000	-0.160552	0.010000
16347.000000	0.663142	0.025975
16347.000000	1.486835	0.056592
16347.000000	2.310529	0.084819
16347.000000	3.134222	0.111473
16347.000000	3.957916	0.136608
16347.000000	4.781610	0.160088
16347.000000	5.605303	0.182104
16347.000000	6.428997	0.203108
16347.000000	7.252690	0.223695
16347.000000	8.076384	0.244303
16347.000000	8.900077	0.265428
16347.000000	9.723771	0.287648
16347.000000	10.547465	0.311304
16347.000000	11.371158	0.337155
16347.000000	12.194852	0.363894
16347.000000	13.018545	0.389975
16347.000000	13.842239	0.413746
16347.000000	14.665933	0.435625
16347.000000	15.489626	0.456750
16347.000000	16.313320	0.479262
16347.000000	17.137013	0.506467
16347.000000	17.960707	0.540749
16347.000000	18.784401	0.584355
16347.000000	19.608094	0.640027
16347.000000	20.431788	0.712103
16672.000000	-19.105505	0.578186
16672.000000	-18.281811	0.518054
16672.000000	-17.458118	0.483032
16672.000000	-16.634424	0.455831
16672.000000	-15.810730	0.433542
16672.000000	-14.987037	0.413776
16672.000000	-14.163343	0.393971
16672.000000	-13.339650	0.372524
16672.000000	-12.515956	0.349470
16672.000000	-11.692262	0.324712
16672.000000	-10.868569	0.300337
16672.000000	-10.044875	0.277829
16672.000000	-9.221182	0.256803
16672.000000	-8.397488	0.237002
16672.000000	-7.573794	0.217847
16672.000000	-6.750101	0.198930
16672.000000	-5.926407	0.179773
16672.000000	-5.102714	0.159868
16672.000000	-4.279020	0.138721
16672.000000	-3.455326	0.115964
16672.000000	-2.631633	0.091503
16672.000000	-1.807939	0.065384
16672.000000	-0.984246	0.037041
16672.000000	-0.160552	0.010000
16672.000000	0.663142	0.025488
16672.000000	1.486835	0.055514
16672.000000	2.310529	0.083167
16672.000000	3.134222	0.109280
16672.000000	3.957916	0.133912
16672.000000	4.781610	0.156924
16672.000000	5.605303	0.178500
16672.000000	6.428997	0.199086
16672.000000	7.252690	0.219264
16672.000000	8.076384	0.239466
16672.000000	8.900077	0.260176
16672.000000	9.723771	0.281963
16672.000000	10.547465	0.305160
16672.000000	11.371158	0.330513
16672.000000	12.194852	0.356742
16672.000000	13.018545	0.382329
16672.000000	13.842239	0.405657
16672.000000	14.665933	0.427135
16672.000000	15.489626	0.447879
16672.000000	16.313320	0.469990
16672.000000	17.137013	0.496709
16672.000000	17.960707	0.530379
16672.000000	18.784401	0.573205
16672.000000	19.608094	0.627888
16672.000000	20.431788	0.699251
16997.000000	-19.105505	0.590169
16997.000000	-18.281811	0.528560
16997.000000	-17.458118	0.475995
16997.000000	-16.634424	0.447630
16997.000000	-15.810730	0.425707
16997.000000	-14.987037	0.406269
16997.000000	-14.163343	0.386795
16997.000000	-13.339650	0.365714
16997.000000	-12.515956	0.343060
16997.000000	-11.692262	0.318736
16997.000000	-10.868569	0.294793
16997.000000	-10.044875	0.272686
16997.000000	-9.221182	0.252037
16997.000000	-8.397488	0.232593
16997.000000	-7.573794	0.213786
16997.000000	-6.750101	0.195215
16997.000000	-5.926407	0.176409
16997.000000	-5.102714	0.156871
16997.000000	-4.279020	0.136116
16997.000000	-3.455326	0.113784
16997.000000	-2.631633	0.089782
16997.000000	-1.807939	0.064156
16997.000000	-0.984246	0.036348
16997.000000	-0.160552	0.010000
16997.000000	0.663142	0.025020
16997.000000	1.486835	0.054479
16997.000000	2.310529	0.081580
16997.000000	3.134222	0.107172
16997.000000	3.957916	0.131320
16997.000000	4.781610	0.153882
16997.000000	5.605303	0.175037
16997.000000	6.428997	0.195220
16997.000000	7.252690	0.215006
16997.000000	8.076384	0.234816
16997.000000	8.900077	0.255128
16997.000000	9.723771	0.276497
16997.000000	10.547465	0.299253
16997.000000	11.371158	0.324127
16997.000000	12.194852	0.349865
16997.000000	13.018545	0.374977
16997.000000	13.842239	0.397878
16997.000000	14.665933	0.418969
16997.000000	15.489626	0.439347
16997.000000	16.313320	0.461066
16997.000000	17.137013	0.487328
16997.000000	17.960707	0.520370
16997.000000	18.784401	0.564986
16997.000000	19.608094	0.632484
16997.000000	20.431788	0.715172
17322.000000	-19.105505	0.601455
17322.000000	-18.281811	0.539229
17322.000000	-17.458118	0.485416
17322.000000	-16.634424	0.439721
17322.000000	-15.810730	0.418151
17322.000000	-14.987037	0.399028
17322.000000	-14.163343	0.379877
17322.000000	-13.339650	0.359149
17322.000000	-12.515956	0.336880
17322.000000	-11.692262	0.312976
17322.000000	-10.868569	0.289450
17322.000000	-10.044875	0.267731
17322.000000	-9.221182	0.247445
17322.000000	-8.397488	0.228345
17322.000000	-7.573794	0.209874
17322.000000	-6.750101	0.191636
17322.000000	-5.926407	0.173169
17322.000000	-5.102714	0.153984
17322.000000	-4.279020	0.133607
17322.000000	-3.455326	0.111684
17322.000000	-2.631633	0.088126
17322.000000	-1.807939	0.062975
17322.000000	-0.984246	0.035683
17322.000000	-0.160552	0.010000
17322.000000	0.663142	0.024571
17322.000000	1.486835	0.053484
17322.000000	2.310529	0.080055
17322.000000	3.134222	0.105145
17322.000000	3.957916	0.128828
17322.000000	4.781610	0.150957
17322.000000	5.605303	0.171706
17322.000000	6.428997	0.191503
17322.000000	7.252690	0.210911
17322.000000	8.076384	0.230344
17322.000000	8.900077	0.250272
17322.000000	9.723771	0.271240
17322.000000	10.547465	0.293571
17322.000000	11.371158	0.317983
17322.000000	12.194852	0.343248
17322.000000	13.018545	0.367902
17322.000000	13.842239	0.390391
17322.000000	14.665933	0.411110
17322.000000	15.489626	0.431130
17322.000000	16.313320	0.452485
17322.000000	17.137013	0.478255
17322.000000	17.960707	0.517302
17322.000000	18.784401	0.575970
17322.000000	19.608094	0.646376
17322.000000	20.431788	0.724005
17647.000000	-19.105505	0.614390
17647.000000	-18.281811	0.549507
17647.000000	-17.458118	0.494916
17647.000000	-16.634424	0.447584
17647.000000	-15.810730	0.410855
17647.000000	-14.987037	0.392042
17647.000000	-14.163343	0.373200
17647.000000	-13.339650	0.352815
17647.000000	-12.515956	0.330919
17647.000000	-11.692262	0.307420
17647.000000	-10.868569	0.284297
17647.000000	-10.044875	0.262952
17647.000000	-9.221182	0.243017
17647.000000	-8.397488	0.224249
17647.000000	-7.573794	0.206102
17647.000000	-6.750101	0.188186
17647.000000	-5.926407	0.170045
17647.000000	-5.102714	0.151201
17647.000000	-4.279020	0.131189
17647.000000	-3.455326	0.109660
17647.000000	-2.631633	0.086531
17647.000000	-1.807939	0.061840
17647.000000	-0.984246	0.035045
17647.000000	-0.160552	0.010000
17647.000000	0.663142	0.024138
17647.000000	1.486835	0.052525
17647.000000	2.310529	0.078586
17647.000000	3.134222	0.103194
17647.000000	3.957916	0.126429
17647.000000	4.781610	0.148141
17647.000000	5.605303	0.168500
17647.000000	6.428997	0.187924
17647.000000	7.252690	0.206969
17647.000000	8.076384	0.226040
17647.000000	8.900077	0.245597
17647.000000	9.723771	0.266178
17647.000000	10.547465	0.288100
17647.000000	11.371158	0.312067
17647.000000	12.194852	0.336875
17647.000000	13.018545	0.361089
17647.000000	13.842239	0.383180
17647.000000	14.665933	0.403538
17647.000000	15.489626	0.423220
17647.000000	16.313320	0.444191
17647.000000	17.137013	0.475675
17647.000000	17.960707	0.527197
17647.000000	18.784401	0.587921
17647.000000	19.608094	0.656416
17647.000000	20.431788	0.721013
17972.000000	-19.105505	0.622448
17972.000000	-18.281811	0.560437
17972.000000	-17.458118	0.504283
17972.000000	-16.634424	0.456101
17972.000000	-15.810730	0.413924
17972.000000	-14.987037	0.385291
17972.000000	-14.163343	0.366755
17972.000000	-13.339650	0.346700
17972.000000	-12.515956	0.325165
17972.000000	-11.692262	0.302057
17972.000000	-10.868569	0.279323
17972.000000	-10.044875	0.258340
17972.000000	-9.221182	0.238745
17972.000000	-8.397488	0.220298
17972.000000	-7.573794	0.202463
17972.000000	-6.750101	0.184858
17972.000000	-5.926407	0.167033
17972.000000	-5.102714	0.148517
17972.000000	-4.279020	0.128856
17972.000000	-3.455326	0.107709
17972.000000	-2.631633	0.084993
17972.000000	-1.807939	0.060749
17972.000000	-0.984246	0.034433
17972.000000	-0.160552	0.010000
17972.000000	0.663142	0.023722
17972.000000	1.486835	0.051601
17972.000000	2.310529	0.077171
17972.000000	3.134222	0.101315
17972.000000	3.957916	0.124118
17972.000000	4.781610	0.145429
17972.000000	5.605303	0.165411
17972.000000	6.428997	0.184478
17972.000000	7.252690	0.203171
17972.000000	8.076384	0.221893
17972.000000	8.900077	0.241094
17972.000000	9.723771	0.261302
17972.000000	10.547465	0.282829
17972.000000	11.371158	0.306367
17972.000000	12.194852	0.330735
17972.000000	13.018545	0.354522
17972.000000	13.842239	0.376230
17972.000000	14.665933	0.396242
17972.000000	15.489626	0.415585
17972.000000	16.313320	0.439051
17972.000000	17.137013	0.484652
17972.000000	17.960707	0.537577
17972.000000	18.784401	0.598130
17972.000000	19.608094	0.657798
17972.000000	20.431788	0.715083
18297.000000	-19.105505	0.618682
18297.000000	-18.281811	0.569291
18297.000000	-17.458118	0.513748
18297.000000	-16.634424	0.464606
18297.000000	-15.810730	0.421617
18297.000000	-14.987037	0.382854
18297.000000	-14.163343	0.360526
18297.000000	-13.339650	0.340793
18297.000000	-12.515956	0.319607
18297.000000	-11.692262	0.296878
18297.000000	-10.868569	0.274521
18297.000000	-10.044875	0.253887
18297.000000	-9.221182	0.234620
18297.000000	-8.397488	0.216483
18297.000000	-7.573794	0.198951
18297.000000	-6.750101	0.181646
18297.000000	-5.926407	0.164126
18297.000000	-5.102714	0.145927
18297.000000	-4.279020	0.126604
18297.000000	-3.455326	0.105825
18297.000000	-2.631633	0.083510
18297.000000	-1.807939	0.059699
18297.000000	-0.984246	0.033847
18297.000000	-0.160552	0.010000
18297.000000	0.663142	0.023321
18297.000000	1.486835	0.050709
18297.000000	2.310529	0.075806
18297.000000	3.134222	0.099503
18297.000000	3.957916	0.121890
18297.000000	4.781610	0.142815
18297.000000	5.605303	0.162434
18297.000000	6.428997	0.181155
18297.000000	7.252690	0.199511
18297.000000	8.076384	0.217896
18297.000000	8.900077	0.236754
18297.000000	9.723771	0.256602
18297.000000	10.547465	0.277747
18297.000000	11.371158	0.300871
18297.000000	12.194852	0.324814
18297.000000	13.018545	0.348190
18297.000000	13.842239	0.369527
18297.000000	14.665933	0.389202
18297.000000	15.489626	0.408226
18297.000000	16.313320	0.447222
18297.000000	17.137013	0.493734
18297.000000	17.960707	0.547404
18297.000000	18.784401	0.600506
18297.000000	19.608094	0.649612
18297.000000	20.431788	0.716348
18622.000000	-19.105505	0.612371
18622.000000	-18.281811	0.564508
18622.000000	-17.458118	0.521006
18622.000000	-16.634424	0.473078
18622.000000	-15.810730	0.429311
18622.000000	-14.987037	0.389818
18622.000000	-14.163343	0.354506
18622.000000	-13.339650	0.335083
18622.000000	-12.515956	0.314235
18622.000000	-11.692262	0.291874
18622.000000	-10.868569	0.269880
18622.000000	-10.044875	0.249585
18622.000000	-9.221182	0.230634
18622.000000	-8.397488	0.212799
18622.000000	-7.573794	0.195559
18622.000000	-6.750101	0.178544
18622.000000	-5.926407	0.161318
18622.000000	-5.102714	0.143425
18622.000000	-4.279020	0.124429
18622.000000	-3.455326	0.104005
18622.000000	-2.631633	0.082078
18622.000000	-1.807939	0.058689
18622.000000	-0.984246	0.033286
18622.000000	-0.160552	0.010000
18622.000000	0.663142	0.022935
18622.000000	1.486835	0.049847
18622.000000	2.310529	0.074487
18622.000000	3.134222	0.097755
18622.000000	3.957916	0.119741
18622.000000	4.781610	0.140294
18622.000000	5.605303	0.159563
18622.000000	6.428997	0.177949
18622.000000	7.252690	0.195980
18622.000000	8.076384	0.214041
18622.000000	8.900077	0.232567
18622.000000	9.723771	0.252067
18622.000000	10.547465	0.272845
18622.000000	11.371158	0.295569
18622.000000	12.194852	0.319101
18622.000000	13.018545	0.342080
18622.000000	13.842239	0.363059
18622.000000	14.665933	0.382408
18622.000000	15.489626	0.413529
18622.000000	16.313320	0.455390
18622.000000	17.137013	0.502301
18622.000000	17.960707	0.548074
18622.000000	18.784401	0.592330
18622.000000	19.608094	0.646847
18622.000000	20.431788	0.720495
18947.000000	-19.105505	0.609933
18947.000000	-18.281811	0.558208
18947.000000	-17.458118	0.514599
18947.000000	-16.634424	0.474864
18947.000000	-15.810730	0.436480
18947.000000	-14.987037	0.396850
18947.000000	-14.163343	0.358643
18947.000000	-13.339650	0.329593
18947.000000	-12.515956	0.309037
18947.000000	-11.692262	0.287032
18947.000000	-10.868569	0.265395
18947.000000	-10.044875	0.245424
18947.000000	-9.221182	0.226782
18947.000000	-8.397488	0.209238
18947.000000	-7.573794	0.192281
18947.000000	-6.750101	0.175546
18947.000000	-5.926407	0.158604
18947.000000	-5.102714	0.141008
18947.000000	-4.279020	0.122328
18947.000000	-3.455326	0.102246
18947.000000	-2.631633	0.080694
18947.000000	-1.807939	0.057717
18947.000000	-0.984246	0.032750
18947.000000	-0.160552	0.010000
18947.000000	0.663142	0.022561
18947.000000	1.486835	0.049012
18947.000000	2.310529	0.073212
18947.000000	3.134222	0.096066
18947.000000	3.957916	0.117667
18947.000000	4.781610	0.137860
18947.000000	5.605303	0.156790
18947.000000	6.428997	0.174854
18947.000000	7.252690	0.192571
18947.000000	8.076384	0.210319
18947.000000	8.900077	0.228525
18947.000000	9.723771	0.247690
18947.000000	10.547465	0.268114
18947.000000	11.371158	0.290451
18947.000000	12.194852	0.313578
18947.000000	13.018545	0.336204
18947.000000	13.842239	0.356786
18947.000000	14.665933	0.381652
18947.000000	15.489626	0.421102
18947.000000	16.313320	0.459947
18947.000000	17.137013	0.498771
18947.000000	17.960707	0.540528
18947.000000	18.784401	0.588588
18947.000000	19.608094	0.646153
18947.000000	20.431788	0.727310
19272.000000	-19.105505	0.609079
19272.000000	-18.281811	0.554592
19272.000000	-17.458118	0.509074
19272.000000	-16.634424	0.468548
19272.000000	-15.810730	0.430988
19272.000000	-14.987037	0.395348
19272.000000	-14.163343	0.362537
19272.000000	-13.339650	0.328339
19272.000000	-12.515956	0.303964
19272.000000	-11.692262	0.282310
19272.000000	-10.868569	0.261080
19272.000000	-10.044875	0.241396
19272.000000	-9.221182	0.223052
19272.000000	-8.397488	0.205795
19272.000000	-7.573794	0.189111
19272.000000	-6.750101	0.172647
19272.000000	-5.926407	0.155981
19272.000000	-5.102714	0.138671
19272.000000	-4.279020	0.120296
19272.000000	-3.455326	0.100544
19272.000000	-2.631633	0.079357
19272.000000	-1.807939	0.056783
19272.000000	-0.984246	0.032239
19272.000000	-0.160552	0.010000
19272.000000	0.663142	0.022201
19272.000000	1.486835	0.048202
19272.000000	2.310529	0.071978
19272.000000	3.134222	0.094434
19272.000000	3.957916	0.115664
19272.000000	4.781610	0.135510
19272.000000	5.605303	0.154113
19272.000000	6.428997	0.171864
19272.000000	7.252690	0.189278
19272.000000	8.076384	0.206726
19272.000000	8.900077	0.224622
19272.000000	9.723771	0.243456
19272.000000	10.547465	0.263558
19272.000000	11.371158	0.285517
19272.000000	12.194852	0.308141
19272.000000	13.018545	0.330796
19272.000000	13.842239	0.350080
19272.000000	14.665933	0.382287
19272.000000	15.489626	0.416815
19272.000000	16.313320	0.453645
19272.000000	17.137013	0.492810
19272.000000	17.960707	0.536048
19272.000000	18.784401	0.586503
19272.000000	19.608094	0.648254
19272.000000	20.431788	0.732888
19597.000000	-19.105505	0.609587
19597.000000	-18.281811	0.552750
19597.000000	-17.458118	0.505143
19597.000000	-16.634424	0.463514
19597.000000	-15.810730	0.425489
19597.000000	-14.987037	0.390091
19597.000000	-14.163343	0.356512
19597.000000	-13.339650	0.326722
19597.000000	-12.515956	0.298821
19597.000000	-11.692262	0.278024
19597.000000	-10.868569	0.256723
19597.000000	-10.044875	0.237524
19597.000000	-9.221182	0.219465
19597.000000	-8.397488	0.202453
19597.000000	-7.573794	0.186043
19597.000000	-6.750101	0.169844
19597.000000	-5.926407	0.153442
19597.000000	-5.102714	0.136410
19597.000000	-4.279020	0.118329
19597.000000	-3.455326	0.098897
19597.000000	-2.631633	0.078063
19597.000000	-1.807939	0.055885
19597.000000	-0.984246	0.031751
19597.000000	-0.160552	0.010000
19597.000000	0.663142	0.021853
19597.000000	1.486835	0.047416
19597.000000	2.310529	0.070781
19597.000000	3.134222	0.092856
19597.000000	3.957916	0.113728
19597.000000	4.781610	0.133239
19597.000000	5.605303	0.151524
19597.000000	6.428997	0.168975
19597.000000	7.252690	0.186097
19597.000000	8.076384	0.203244
19597.000000	8.900077	0.220851
19597.000000	9.723771	0.239412
19597.000000	10.547465	0.259051
19597.000000	11.371158	0.280681
19597.000000	12.194852	0.303468
19597.000000	13.018545	0.321273
19597.000000	13.842239	0.344334
19597.000000	14.665933	0.376749
19597.000000	15.489626	0.411432
19597.000000	16.313320	0.448323
19597.000000	17.137013	0.488364
19597.000000	17.960707	0.533302
19597.000000	18.784401	0.585923
19597.000000	19.608094	0.652775
19597.000000	20.431788	0.736755
19922.000000	-19.105505	0.611453
19922.000000	-18.281811	0.552326
19922.000000	-17.458118	0.502550
19922.000000	-16.634424	0.459720
19922.000000	-15.810730	0.421079
19922.000000	-14.987037	0.385405
19922.000000	-14.163343	0.352200
19922.000000	-13.339650	0.321444
19922.000000	-12.515956	0.292922
19922.000000	-11.692262	0.272110
19922.000000	-10.868569	0.253550
19922.000000	-10.044875	0.233616
19922.000000	-9.221182	0.215861
19922.000000	-8.397488	0.199284
19922.000000	-7.573794	0.183079
19922.000000	-6.750101	0.167117
19922.000000	-5.926407	0.150986
19922.000000	-5.102714	0.134223
19922.000000	-4.279020	0.116425
19922.000000	-3.455326	0.097301
19922.000000	-2.631633	0.076811
19922.000000	-1.807939	0.055021
19922.000000	-0.984246	0.031288
19922.000000	-0.160552	0.010000
19922.000000	0.663142	0.021515
19922.000000	1.486835	0.046651
19922.000000	2.310529	0.069621
19922.000000	3.134222	0.091328
19922.000000	3.957916	0.111855
19922.000000	4.781610	0.131044
19922.000000	5.605303	0.149023
19922.000000	6.428997	0.166172
19922.000000	7.252690	0.183007
19922.000000	8.076384	0.199931
19922.000000	8.900077	0.217199
19922.000000	9.723771	0.235221
19922.000000	10.547465	0.255298
19922.000000	11.371158	0.276390
19922.000000	12.194852	0.292256
19922.000000	13.018545	0.310090
19922.000000	13.842239	0.339914
19922.000000	14.665933	0.372174
19922.000000	15.489626	0.406850
19922.000000	16.313320	0.444246
19922.000000	17.137013	0.485198
19922.000000	17.960707	0.531962
19922.000000	18.784401	0.586716
19922.000000	19.608094	0.658907
19922.000000	20.431788	0.741508
