Plot Name 
Original mesh grid size: 60 rows, 43 columns
x	y	z
747.000000	-19.105505	3.039863
747.000000	-18.281811	3.100853
747.000000	-17.458118	3.173664
747.000000	-16.634424	3.258807
747.000000	-15.810730	3.355059
747.000000	-14.987037	3.460205
747.000000	-14.163343	3.570018
747.000000	-13.339650	3.680955
747.000000	-12.515956	3.792141
747.000000	-11.692262	3.902405
747.000000	-10.868569	4.018365
747.000000	-10.044875	4.147194
747.000000	-9.221182	4.291583
747.000000	-8.397488	4.455505
747.000000	-7.573794	4.642673
747.000000	-6.750101	4.858954
747.000000	-5.926407	5.112237
747.000000	-5.102714	5.414600
747.000000	-4.279020	5.786409
747.000000	-3.455326	6.264975
747.000000	-2.631633	6.932485
747.000000	3.298961	8.053805
747.000000	4.122655	7.807392
747.000000	4.946348	7.609352
747.000000	5.770042	7.426018
747.000000	6.593735	7.245687
747.000000	7.417429	7.067774
747.000000	8.241123	6.894314
747.000000	9.064816	6.727687
747.000000	9.888510	6.572513
747.000000	10.712203	6.427492
747.000000	11.535897	6.295858
747.000000	12.359591	6.153337
747.000000	13.183284	5.999837
747.000000	14.006978	5.833697
747.000000	14.830671	5.651579
747.000000	15.654365	5.473566
747.000000	16.478059	5.308391
747.000000	17.301752	5.169123
747.000000	18.125446	5.062670
747.000000	18.949139	4.987656
747.000000	19.772833	4.943910
747.000000	20.596527	4.928056
1072.000000	-19.105505	2.396761
1072.000000	-18.281811	2.430041
1072.000000	-17.458118	2.473835
1072.000000	-16.634424	2.528294
1072.000000	-15.810730	2.591811
1072.000000	-14.987037	2.661941
1072.000000	-14.163343	2.734536
1072.000000	-13.339650	2.806133
1072.000000	-12.515956	2.876069
1072.000000	-11.692262	2.943302
1072.000000	-10.868569	3.013578
1072.000000	-10.044875	3.093075
1072.000000	-9.221182	3.183586
1072.000000	-8.397488	3.287883
1072.000000	-7.573794	3.408185
1072.000000	-6.750101	3.548246
1072.000000	-5.926407	3.713018
1072.000000	-5.102714	3.910184
1072.000000	-4.279020	4.152984
1072.000000	-3.455326	4.466059
1072.000000	-2.631633	4.904777
1072.000000	3.298961	5.349492
1072.000000	4.122655	5.143175
1072.000000	4.946348	4.982837
1072.000000	5.770042	4.845066
1072.000000	6.593735	4.720428
1072.000000	7.417429	4.606302
1072.000000	8.241123	4.501899
1072.000000	9.064816	4.406997
1072.000000	9.888510	4.322974
1072.000000	10.712203	4.248286
1072.000000	11.535897	4.184048
1072.000000	12.359591	4.115144
1072.000000	13.183284	4.038541
1072.000000	14.006978	3.952607
1072.000000	14.830671	3.855528
1072.000000	15.654365	3.759342
1072.000000	16.478059	3.670718
1072.000000	17.301752	3.598912
1072.000000	18.125446	3.549234
1072.000000	18.949139	3.521645
1072.000000	19.772833	3.517045
1072.000000	20.596527	3.534433
1397.000000	-19.105505	1.971307
1397.000000	-18.281811	1.990032
1397.000000	-17.458118	2.018273
1397.000000	-16.634424	2.055973
1397.000000	-15.810730	2.101437
1397.000000	-14.987037	2.152289
1397.000000	-14.163343	2.204726
1397.000000	-13.339650	2.255588
1397.000000	-12.515956	2.304387
1397.000000	-11.692262	2.350241
1397.000000	-10.868569	2.398132
1397.000000	-10.044875	2.453398
1397.000000	-9.221182	2.517348
1397.000000	-8.397488	2.592098
1397.000000	-7.573794	2.679144
1397.000000	-6.750101	2.781185
1397.000000	-5.926407	2.901735
1397.000000	-5.102714	3.046319
1397.000000	-4.279020	3.224627
1397.000000	-3.455326	3.454897
1397.000000	-2.631633	3.778659
1397.000000	3.298961	3.985599
1397.000000	4.122655	3.815263
1397.000000	4.946348	3.684213
1397.000000	5.770042	3.574438
1397.000000	6.593735	3.478268
1397.000000	7.417429	3.393012
1397.000000	8.241123	3.317420
1397.000000	9.064816	3.250781
1397.000000	9.888510	3.193603
1397.000000	10.712203	3.144555
1397.000000	11.535897	3.104137
1397.000000	12.359591	3.061539
1397.000000	13.183284	3.013360
1397.000000	14.006978	2.958211
1397.000000	14.830671	2.895000
1397.000000	15.654365	2.832088
1397.000000	16.478059	2.774769
1397.000000	17.301752	2.730070
1397.000000	18.125446	2.702125
1397.000000	18.949139	2.691226
1397.000000	19.772833	2.698446
1397.000000	20.596527	2.723629
1722.000000	-19.105505	1.667161
1722.000000	-18.281811	1.677615
1722.000000	-17.458118	1.696750
1722.000000	-16.634424	1.724387
1722.000000	-15.810730	1.758856
1722.000000	-14.987037	1.797929
1722.000000	-14.163343	1.838172
1722.000000	-13.339650	1.876735
1722.000000	-12.515956	1.913256
1722.000000	-11.692262	1.946979
1722.000000	-10.868569	1.982254
1722.000000	-10.044875	2.023739
1722.000000	-9.221182	2.072449
1722.000000	-8.397488	2.130082
1722.000000	-7.573794	2.197726
1722.000000	-6.750101	2.277453
1722.000000	-5.926407	2.371947
1722.000000	-5.102714	2.485467
1722.000000	-4.279020	2.625595
1722.000000	-3.455326	2.806724
1722.000000	-2.631633	3.061942
1722.000000	3.298961	3.163194
1722.000000	4.122655	3.019713
1722.000000	4.946348	2.909791
1722.000000	5.770042	2.818827
1722.000000	6.593735	2.740423
1722.000000	7.417429	2.672115
1722.000000	8.241123	2.612623
1722.000000	9.064816	2.561153
1722.000000	9.888510	2.517891
1722.000000	10.712203	2.481709
1722.000000	11.535897	2.452869
1722.000000	12.359591	2.422999
1722.000000	13.183284	2.388863
1722.000000	14.006978	2.349278
1722.000000	14.830671	2.303521
1722.000000	15.654365	2.257933
1722.000000	16.478059	2.216881
1722.000000	17.301752	2.186008
1722.000000	18.125446	2.168678
1722.000000	18.949139	2.165287
1722.000000	19.772833	2.176909
1722.000000	20.596527	2.203763
2047.000000	-19.105505	1.438267
2047.000000	-18.281811	1.443772
2047.000000	-17.458118	1.457241
2047.000000	-16.634424	1.478422
2047.000000	-15.810730	1.505710
2047.000000	-14.987037	1.537044
2047.000000	-14.163343	1.569325
2047.000000	-13.339650	1.599979
2047.000000	-12.515956	1.628730
2047.000000	-11.692262	1.654923
2047.000000	-10.868569	1.682387
2047.000000	-10.044875	1.715237
2047.000000	-9.221182	1.754288
2047.000000	-8.397488	1.800954
2047.000000	-7.573794	1.856063
2047.000000	-6.750101	1.921285
2047.000000	-5.926407	1.998761
2047.000000	-5.102714	2.091930
2047.000000	-4.279020	2.206983
2047.000000	-3.455326	2.355756
2047.000000	-2.631633	2.565647
2047.000000	3.298961	2.613140
2047.000000	4.122655	2.489787
2047.000000	4.946348	2.395462
2047.000000	5.770042	2.317924
2047.000000	6.593735	2.251720
2047.000000	7.417429	2.194642
2047.000000	8.241123	2.145482
2047.000000	9.064816	2.103471
2047.000000	9.888510	2.068652
2047.000000	10.712203	2.040060
2047.000000	11.535897	2.017845
2047.000000	12.359591	1.995198
2047.000000	13.183284	1.969157
2047.000000	14.006978	1.938702
2047.000000	14.830671	1.903315
2047.000000	15.654365	1.868082
2047.000000	16.478059	1.836706
2047.000000	17.301752	1.813893
2047.000000	18.125446	1.802476
2047.000000	18.949139	1.802886
2047.000000	19.772833	1.816153
2047.000000	20.596527	1.842681
2372.000000	-19.105505	1.259502
2372.000000	-18.281811	1.261946
2372.000000	-17.458118	1.271729
2372.000000	-16.634424	1.288558
2372.000000	-15.810730	1.310908
2372.000000	-14.987037	1.336876
2372.000000	-14.163343	1.363655
2372.000000	-13.339650	1.388911
2372.000000	-12.515956	1.412430
2372.000000	-11.692262	1.433634
2372.000000	-10.868569	1.455926
2372.000000	-10.044875	1.482977
2372.000000	-9.221182	1.515462
2372.000000	-8.397488	1.554589
2372.000000	-7.573794	1.601012
2372.000000	-6.750101	1.656116
2372.000000	-5.926407	1.721670
2372.000000	-5.102714	1.800538
2372.000000	-4.279020	1.897929
2372.000000	-3.455326	2.023854
2372.000000	-2.631633	2.201620
2372.000000	3.298961	2.219341
2372.000000	4.122655	2.111461
2372.000000	4.946348	2.029022
2372.000000	5.770042	1.961517
2372.000000	6.593735	1.904216
2372.000000	7.417429	1.855141
2372.000000	8.241123	1.813183
2372.000000	9.064816	1.777622
2372.000000	9.888510	1.748433
2372.000000	10.712203	1.724779
2372.000000	11.535897	1.706754
2372.000000	12.359591	1.688628
2372.000000	13.183284	1.667721
2372.000000	14.006978	1.643141
2372.000000	14.830671	1.614494
2372.000000	15.654365	1.586015
2372.000000	16.478059	1.560907
2372.000000	17.301752	1.543201
2372.000000	18.125446	1.535346
2372.000000	18.949139	1.537775
2372.000000	19.772833	1.551466
2372.000000	20.596527	1.576918
2697.000000	-19.105505	1.115896
2697.000000	-18.281811	1.116411
2697.000000	-17.458118	1.123718
2697.000000	-16.634424	1.137499
2697.000000	-15.810730	1.156313
2697.000000	-14.987037	1.178401
2697.000000	-14.163343	1.201210
2697.000000	-13.339650	1.222611
2697.000000	-12.515956	1.242435
2697.000000	-11.692262	1.260168
2697.000000	-10.868569	1.278856
2697.000000	-10.044875	1.301807
2697.000000	-9.221182	1.329590
2697.000000	-8.397488	1.363259
2697.000000	-7.573794	1.403342
2697.000000	-6.750101	1.451019
2697.000000	-5.926407	1.507786
2697.000000	-5.102714	1.576084
2697.000000	-4.279020	1.660391
2697.000000	-3.455326	1.769354
2697.000000	-2.631633	1.923194
2697.000000	3.298961	1.923484
2697.000000	4.122655	1.827811
2697.000000	4.946348	1.754695
2697.000000	5.770042	1.694961
2697.000000	6.593735	1.644442
2697.000000	7.417429	1.601363
2697.000000	8.241123	1.564712
2697.000000	9.064816	1.533821
2697.000000	9.888510	1.508635
2697.000000	10.712203	1.488416
2697.000000	11.535897	1.473225
2697.000000	12.359591	1.458126
2697.000000	13.183284	1.440695
2697.000000	14.006978	1.420145
2697.000000	14.830671	1.396158
2697.000000	15.654365	1.372359
2697.000000	16.478059	1.351561
2697.000000	17.301752	1.337283
2697.000000	18.125446	1.331682
2697.000000	18.949139	1.335182
2697.000000	19.772833	1.348707
2697.000000	20.596527	1.372803
3022.000000	-19.105505	0.997942
3022.000000	-18.281811	0.997236
3022.000000	-17.458118	1.002838
3022.000000	-16.634424	1.014418
3022.000000	-15.810730	1.030616
3022.000000	-14.987037	1.049803
3022.000000	-14.163343	1.069648
3022.000000	-13.339650	1.088194
3022.000000	-12.515956	1.105310
3022.000000	-11.692262	1.120532
3022.000000	-10.868569	1.136608
3022.000000	-10.044875	1.156540
3022.000000	-9.221182	1.180819
3022.000000	-8.397488	1.210376
3022.000000	-7.573794	1.245649
3022.000000	-6.750101	1.287659
3022.000000	-5.926407	1.337695
3022.000000	-5.102714	1.397875
3022.000000	-4.279020	1.472116
3022.000000	-3.455326	1.568002
3022.000000	-2.631633	1.703348
3022.000000	3.298961	1.693067
3022.000000	4.122655	1.607246
3022.000000	4.946348	1.541624
3022.000000	5.770042	1.488078
3022.000000	6.593735	1.442897
3022.000000	7.417429	1.404479
3022.000000	8.241123	1.371898
3022.000000	9.064816	1.344542
3022.000000	9.888510	1.322335
3022.000000	10.712203	1.304623
3022.000000	11.535897	1.291449
3022.000000	12.359591	1.278478
3022.000000	13.183284	1.263518
3022.000000	14.006978	1.245865
3022.000000	14.830671	1.225252
3022.000000	15.654365	1.204844
3022.000000	16.478059	1.187142
3022.000000	17.301752	1.175265
3022.000000	18.125446	1.171138
3022.000000	18.949139	1.175171
3022.000000	19.772833	1.188236
3022.000000	20.596527	1.210897
3347.000000	-19.105505	0.899296
3347.000000	-18.281811	0.897824
3347.000000	-17.458118	0.902230
3347.000000	-16.634424	0.912181
3347.000000	-15.810730	0.926392
3347.000000	-14.987037	0.943352
3347.000000	-14.163343	0.960920
3347.000000	-13.339650	0.977291
3347.000000	-12.515956	0.992361
3347.000000	-11.692262	1.005710
3347.000000	-10.868569	1.019831
3347.000000	-10.044875	1.037468
3347.000000	-9.221182	1.059050
3347.000000	-8.397488	1.085410
3347.000000	-7.573794	1.116918
3347.000000	-6.750101	1.154471
3347.000000	-5.926407	1.199195
3347.000000	-5.102714	1.252954
3347.000000	-4.279020	1.319217
3347.000000	-3.455326	1.404723
3347.000000	-2.631633	1.525352
3347.000000	3.298961	1.508538
3347.000000	4.122655	1.430824
3347.000000	4.946348	1.371350
3347.000000	5.770042	1.322845
3347.000000	6.593735	1.281975
3347.000000	7.417429	1.247284
3347.000000	8.241123	1.217924
3347.000000	9.064816	1.193330
3347.000000	9.888510	1.173422
3347.000000	10.712203	1.157609
3347.000000	11.535897	1.145923
3347.000000	12.359591	1.134508
3347.000000	13.183284	1.121370
3347.000000	14.006978	1.105876
3347.000000	14.830671	1.087795
3347.000000	15.654365	1.069932
3347.000000	16.478059	1.054532
3347.000000	17.301752	1.044392
3347.000000	18.125446	1.041248
3347.000000	18.949139	1.045496
3347.000000	19.772833	1.057955
3347.000000	20.596527	1.079196
3672.000000	-19.105505	0.815554
3672.000000	-18.281811	0.813619
3672.000000	-17.458118	0.817177
3672.000000	-16.634424	0.825898
3672.000000	-15.810730	0.838566
3672.000000	-14.987037	0.853775
3672.000000	-14.163343	0.869553
3672.000000	-13.339650	0.884225
3672.000000	-12.515956	0.897711
3672.000000	-11.692262	0.909626
3672.000000	-10.868569	0.922245
3672.000000	-10.044875	0.938091
3672.000000	-9.221182	0.957544
3672.000000	-8.397488	0.981356
3672.000000	-7.573794	1.009843
3672.000000	-6.750101	1.043803
3672.000000	-5.926407	1.084232
3672.000000	-5.102714	1.132790
3672.000000	-4.279020	1.192579
3672.000000	-3.455326	1.269648
3672.000000	-2.631633	1.378294
3672.000000	3.298961	1.357428
3672.000000	4.122655	1.286496
3672.000000	4.946348	1.232154
3672.000000	5.770042	1.187834
3672.000000	6.593735	1.150517
3672.000000	7.417429	1.118873
3672.000000	8.241123	1.092124
3672.000000	9.064816	1.069748
3672.000000	9.888510	1.051663
3672.000000	10.712203	1.037332
3672.000000	11.535897	1.026779
3672.000000	12.359591	1.016534
3672.000000	13.183284	1.004782
3672.000000	14.006978	0.990944
3672.000000	14.830671	0.974817
3672.000000	15.654365	0.958918
3672.000000	16.478059	0.945277
3672.000000	17.301752	0.936426
3672.000000	18.125446	0.933946
3672.000000	18.949139	0.938214
3672.000000	19.772833	0.950006
3672.000000	20.596527	0.969882
3997.000000	-19.105505	0.743565
3997.000000	-18.281811	0.741369
3997.000000	-17.458118	0.744322
3997.000000	-16.634424	0.752097
3997.000000	-15.810730	0.763544
3997.000000	-14.987037	0.777351
3997.000000	-14.163343	0.791694
3997.000000	-13.339650	0.805013
3997.000000	-12.515956	0.817246
3997.000000	-11.692262	0.828040
3997.000000	-10.868569	0.839480
3997.000000	-10.044875	0.853898
3997.000000	-9.221182	0.871632
3997.000000	-8.397488	0.893370
3997.000000	-7.573794	0.919384
3997.000000	-6.750101	0.950389
3997.000000	-5.926407	0.987277
3997.000000	-5.102714	1.031537
3997.000000	-4.279020	1.085970
3997.000000	-3.455326	1.156051
3997.000000	-2.631633	1.254752
3997.000000	3.298961	1.231412
3997.000000	4.122655	1.166235
3997.000000	4.946348	1.116238
3997.000000	5.770042	1.075448
3997.000000	6.593735	1.041109
3997.000000	7.417429	1.012003
3997.000000	8.241123	0.987413
3997.000000	9.064816	0.966855
3997.000000	9.888510	0.950248
3997.000000	10.712203	0.937101
3997.000000	11.535897	0.927433
3997.000000	12.359591	0.918092
3997.000000	13.183284	0.907417
3997.000000	14.006978	0.894882
3997.000000	14.830671	0.880297
3997.000000	15.654365	0.865949
3997.000000	16.478059	0.853684
3997.000000	17.301752	0.845810
3997.000000	18.125446	0.843778
3997.000000	18.949139	0.847947
3997.000000	19.772833	0.859051
3997.000000	20.596527	0.877638
4322.000000	-19.105505	0.681008
4322.000000	-18.281811	0.678691
4322.000000	-17.458118	0.681211
4322.000000	-16.634424	0.688249
4322.000000	-15.810730	0.698714
4322.000000	-14.987037	0.711380
4322.000000	-14.163343	0.724553
4322.000000	-13.339650	0.736774
4322.000000	-12.515956	0.747999
4322.000000	-11.692262	0.757901
4322.000000	-10.868569	0.768397
4322.000000	-10.044875	0.781654
4322.000000	-9.221182	0.797977
4322.000000	-8.397488	0.817996
4322.000000	-7.573794	0.841950
4322.000000	-6.750101	0.870486
4322.000000	-5.926407	0.904405
4322.000000	-5.102714	0.945056
4322.000000	-4.279020	0.994987
4322.000000	-3.455326	1.059186
4322.000000	-2.631633	1.149503
4322.000000	3.298961	1.124718
4322.000000	4.122655	1.064484
4322.000000	4.946348	1.018213
4322.000000	5.770042	0.980437
4322.000000	6.593735	0.948631
4322.000000	7.417429	0.921673
4322.000000	8.241123	0.898897
4322.000000	9.064816	0.879855
4322.000000	9.888510	0.864470
4322.000000	10.712203	0.852287
4322.000000	11.535897	0.843324
4322.000000	12.359591	0.834695
4322.000000	13.183284	0.824876
4322.000000	14.006978	0.813384
4322.000000	14.830671	0.800044
4322.000000	15.654365	0.786943
4322.000000	16.478059	0.775773
4322.000000	17.301752	0.768653
4322.000000	18.125446	0.766920
4322.000000	18.949139	0.770919
4322.000000	19.772833	0.781341
4322.000000	20.596527	0.798720
4647.000000	-19.105505	0.626140
4647.000000	-18.281811	0.623797
4647.000000	-17.458118	0.626009
4647.000000	-16.634424	0.632465
4647.000000	-15.810730	0.642130
4647.000000	-14.987037	0.653853
4647.000000	-14.163343	0.666059
4647.000000	-13.339650	0.677377
4647.000000	-12.515956	0.687778
4647.000000	-11.692262	0.696958
4647.000000	-10.868569	0.706686
4647.000000	-10.044875	0.718986
4647.000000	-9.221182	0.734131
4647.000000	-8.397488	0.752706
4647.000000	-7.573794	0.774919
4647.000000	-6.750101	0.801359
4647.000000	-5.926407	0.832756
4647.000000	-5.102714	0.870335
4647.000000	-4.279020	0.916429
4647.000000	-3.455326	0.975609
4647.000000	-2.631633	1.058763
4647.000000	3.298961	1.033219
4647.000000	4.122655	0.977273
4647.000000	4.946348	0.934232
4647.000000	5.770042	0.899063
4647.000000	6.593735	0.869437
4647.000000	7.417429	0.844317
4647.000000	8.241123	0.823087
4647.000000	9.064816	0.805330
4647.000000	9.888510	0.790969
4647.000000	10.712203	0.779585
4647.000000	11.535897	0.771194
4647.000000	12.359591	0.763135
4647.000000	13.183284	0.754009
4647.000000	14.006978	0.743368
4647.000000	14.830671	0.731046
4647.000000	15.654365	0.718965
4647.000000	16.478059	0.708683
4647.000000	17.301752	0.702152
4647.000000	18.125446	0.700615
4647.000000	18.949139	0.704398
4647.000000	19.772833	0.714157
4647.000000	20.596527	0.730408
4972.000000	-19.105505	0.577621
4972.000000	-18.281811	0.575319
4972.000000	-17.458118	0.577315
4972.000000	-16.634424	0.583307
4972.000000	-15.810730	0.592311
4972.000000	-14.987037	0.603246
4972.000000	-14.163343	0.614641
4972.000000	-13.339650	0.625206
4972.000000	-12.515956	0.634925
4972.000000	-11.692262	0.643513
4972.000000	-10.868569	0.652609
4972.000000	-10.044875	0.664108
4972.000000	-9.221182	0.678258
4972.000000	-8.397488	0.695602
4972.000000	-7.573794	0.716325
4972.000000	-6.750101	0.740968
4972.000000	-5.926407	0.770194
4972.000000	-5.102714	0.805128
4972.000000	-4.279020	0.847913
4972.000000	-3.455326	0.902762
4972.000000	-2.631633	0.979725
4972.000000	3.298961	0.953883
4972.000000	4.122655	0.901695
4972.000000	4.946348	0.861479
4972.000000	5.770042	0.828584
4972.000000	6.593735	0.800855
4972.000000	7.417429	0.777329
4972.000000	8.241123	0.757431
4972.000000	9.064816	0.740774
4972.000000	9.888510	0.727285
4972.000000	10.712203	0.716573
4972.000000	11.535897	0.708652
4972.000000	12.359591	0.701058
4972.000000	13.183284	0.692499
4972.000000	14.006978	0.682562
4972.000000	14.830671	0.671085
4972.000000	15.654365	0.659852
4972.000000	16.478059	0.650298
4972.000000	17.301752	0.644234
4972.000000	18.125446	0.642818
4972.000000	18.949139	0.646360
4972.000000	19.772833	0.655484
4972.000000	20.596527	0.670684
5297.000000	-19.105505	0.534408
5297.000000	-18.281811	0.532192
5297.000000	-17.458118	0.534040
5297.000000	-16.634424	0.539658
5297.000000	-15.810730	0.548111
5297.000000	-14.987037	0.558380
5297.000000	-14.163343	0.569088
5297.000000	-13.339650	0.579019
5297.000000	-12.515956	0.588166
5297.000000	-11.692262	0.596262
5297.000000	-10.868569	0.604832
5297.000000	-10.044875	0.615652
5297.000000	-9.221182	0.628951
5297.000000	-8.397488	0.645235
5297.000000	-7.573794	0.664671
5297.000000	-6.750101	0.687754
5297.000000	-5.926407	0.715094
5297.000000	-5.102714	0.747726
5297.000000	-4.279020	0.787629
5297.000000	-3.455326	0.838702
5297.000000	-2.631633	0.910263
5297.000000	3.298961	0.884436
5297.000000	4.122655	0.835567
5297.000000	4.946348	0.797844
5297.000000	5.770042	0.766951
5297.000000	6.593735	0.740885
5297.000000	7.417429	0.718753
5297.000000	8.241123	0.700017
5297.000000	9.064816	0.684313
5297.000000	9.888510	0.671574
5297.000000	10.712203	0.661433
5297.000000	11.535897	0.653904
5297.000000	12.359591	0.646693
5297.000000	13.183284	0.638606
5297.000000	14.006978	0.629257
5297.000000	14.830671	0.618493
5297.000000	15.654365	0.607970
5297.000000	16.478059	0.599022
5297.000000	17.301752	0.593332
5297.000000	18.125446	0.591983
5297.000000	18.949139	0.595272
5297.000000	19.772833	0.603789
5297.000000	20.596527	0.618011
5622.000000	-19.105505	0.495673
5622.000000	-18.281811	0.493575
5622.000000	-17.458118	0.495326
5622.000000	-16.634424	0.500642
5622.000000	-15.810730	0.508631
5622.000000	-14.987037	0.518331
5622.000000	-14.163343	0.528452
5622.000000	-13.339650	0.537843
5622.000000	-12.515956	0.546504
5622.000000	-11.692262	0.554189
5622.000000	-10.868569	0.562314
5622.000000	-10.044875	0.572553
5622.000000	-9.221182	0.585117
5622.000000	-8.397488	0.600480
5622.000000	-7.573794	0.618791
5622.000000	-6.750101	0.640510
5622.000000	-5.926407	0.666196
5622.000000	-5.102714	0.696806
5622.000000	-4.279020	0.734178
5622.000000	-3.455326	0.781931
5622.000000	-2.631633	0.848737
5622.000000	3.298961	0.823139
5622.000000	4.122655	0.777220
5622.000000	4.946348	0.741712
5622.000000	5.770042	0.712595
5622.000000	6.593735	0.688002
5622.000000	7.417429	0.667099
5622.000000	8.241123	0.649383
5622.000000	9.064816	0.634513
5622.000000	9.888510	0.622425
5622.000000	10.712203	0.612776
5622.000000	11.535897	0.605578
5622.000000	12.359591	0.598686
5622.000000	13.183284	0.590996
5622.000000	14.006978	0.582146
5622.000000	14.830671	0.571986
5622.000000	15.654365	0.562068
5622.000000	16.478059	0.553627
5622.000000	17.301752	0.548239
5622.000000	18.125446	0.546919
5622.000000	18.949139	0.549949
5622.000000	19.772833	0.557892
5622.000000	20.596527	0.571203
5947.000000	-19.105505	0.460755
5947.000000	-18.281811	0.458796
5947.000000	-17.458118	0.460488
5947.000000	-16.634424	0.465558
5947.000000	-15.810730	0.473151
5947.000000	-14.987037	0.482362
5947.000000	-14.163343	0.491976
5947.000000	-13.339650	0.500902
5947.000000	-12.515956	0.509150
5947.000000	-11.692262	0.516486
5947.000000	-10.868569	0.524233
5947.000000	-10.044875	0.533970
5947.000000	-9.221182	0.545894
5947.000000	-8.397488	0.560449
5947.000000	-7.573794	0.577770
5947.000000	-6.750101	0.598284
5947.000000	-5.926407	0.622508
5947.000000	-5.102714	0.651331
5947.000000	-4.279020	0.686460
5947.000000	-3.455326	0.731270
5947.000000	-2.631633	0.793858
5947.000000	3.298961	0.768635
5947.000000	4.122655	0.725358
5947.000000	4.946348	0.691832
5947.000000	5.770042	0.664301
5947.000000	6.593735	0.641020
5947.000000	7.417429	0.621208
5947.000000	8.241123	0.604396
5947.000000	9.064816	0.590262
5947.000000	9.888510	0.578744
5947.000000	10.712203	0.569521
5947.000000	11.535897	0.562605
5947.000000	12.359591	0.555982
5947.000000	13.183284	0.548629
5947.000000	14.006978	0.540206
5947.000000	14.830671	0.530566
5947.000000	15.654365	0.521164
5947.000000	16.478059	0.513155
5947.000000	17.301752	0.508012
5947.000000	18.125446	0.506692
5947.000000	18.949139	0.509465
5947.000000	19.772833	0.516863
5947.000000	20.596527	0.529325
6272.000000	-19.105505	0.429114
6272.000000	-18.281811	0.427309
6272.000000	-17.458118	0.428971
6272.000000	-16.634424	0.433838
6272.000000	-15.810730	0.441094
6272.000000	-14.987037	0.449880
6272.000000	-14.163343	0.459053
6272.000000	-13.339650	0.467577
6272.000000	-12.515956	0.475468
6272.000000	-11.692262	0.482506
6272.000000	-10.868569	0.489928
6272.000000	-10.044875	0.499229
6272.000000	-9.221182	0.510589
6272.000000	-8.397488	0.524431
6272.000000	-7.573794	0.540874
6272.000000	-6.750101	0.560317
6272.000000	-5.926407	0.583240
6272.000000	-5.102714	0.610469
6272.000000	-4.279020	0.643599
6272.000000	-3.455326	0.685784
6272.000000	-2.631633	0.744606
6272.000000	3.298961	0.719855
6272.000000	4.122655	0.678957
6272.000000	4.946348	0.647213
6272.000000	5.770042	0.621107
6272.000000	6.593735	0.599002
6272.000000	7.417429	0.580167
6272.000000	8.241123	0.564160
6272.000000	9.064816	0.550679
6272.000000	9.888510	0.539666
6272.000000	10.712203	0.530817
6272.000000	11.535897	0.524143
6272.000000	12.359591	0.517749
6272.000000	13.183284	0.510683
6272.000000	14.006978	0.502628
6272.000000	14.830671	0.493438
6272.000000	15.654365	0.484484
6272.000000	16.478059	0.476844
6272.000000	17.301752	0.471902
6272.000000	18.125446	0.470561
6272.000000	18.949139	0.473079
6272.000000	19.772833	0.479963
6272.000000	20.596527	0.491633
6597.000000	-19.105505	0.400310
6597.000000	-18.281811	0.398666
6597.000000	-17.458118	0.400322
6597.000000	-16.634424	0.405022
6597.000000	-15.810730	0.411986
6597.000000	-14.987037	0.420401
6597.000000	-14.163343	0.429188
6597.000000	-13.339650	0.437360
6597.000000	-12.515956	0.444942
6597.000000	-11.692262	0.451724
6597.000000	-10.868569	0.458865
6597.000000	-10.044875	0.467782
6597.000000	-9.221182	0.478645
6597.000000	-8.397488	0.491851
6597.000000	-7.573794	0.507511
6597.000000	-6.750101	0.525997
6597.000000	-5.926407	0.547754
6597.000000	-5.102714	0.573554
6597.000000	-4.279020	0.604891
6597.000000	-3.455326	0.644719
6597.000000	-2.631633	0.700157
6597.000000	3.298961	0.675942
6597.000000	4.122655	0.637196
6597.000000	4.946348	0.607065
6597.000000	5.770042	0.582246
6597.000000	6.593735	0.561201
6597.000000	7.417429	0.543245
6597.000000	8.241123	0.527961
6597.000000	9.064816	0.515064
6597.000000	9.888510	0.504500
6597.000000	10.712203	0.495980
6597.000000	11.535897	0.489516
6597.000000	12.359591	0.483318
6597.000000	13.183284	0.476501
6597.000000	14.006978	0.468766
6597.000000	14.830671	0.459969
6597.000000	15.654365	0.451404
6597.000000	16.478059	0.444082
6597.000000	17.301752	0.439305
6597.000000	18.125446	0.437929
6597.000000	18.949139	0.440198
6597.000000	19.772833	0.446597
6597.000000	20.596527	0.457526
6922.000000	-19.105505	0.373976
6922.000000	-18.281811	0.372499
6922.000000	-17.458118	0.374165
6922.000000	-16.634424	0.378728
6922.000000	-15.810730	0.385439
6922.000000	-14.987037	0.393526
6922.000000	-14.163343	0.401973
6922.000000	-13.339650	0.409837
6922.000000	-12.515956	0.417147
6922.000000	-11.692262	0.423708
6922.000000	-10.868569	0.430604
6922.000000	-10.044875	0.439183
6922.000000	-9.221182	0.449602
6922.000000	-8.397488	0.462240
6922.000000	-7.573794	0.477197
6922.000000	-6.750101	0.494821
6922.000000	-5.926407	0.515528
6922.000000	-5.102714	0.540040
6922.000000	-4.279020	0.569759
6922.000000	-3.455326	0.607460
6922.000000	-2.631633	0.659841
6922.000000	3.298961	0.636202
6922.000000	4.122655	0.599414
6922.000000	4.946348	0.570748
6922.000000	5.770042	0.547097
6922.000000	6.593735	0.527014
6922.000000	7.417429	0.509852
6922.000000	8.241123	0.495220
6922.000000	9.064816	0.482849
6922.000000	9.888510	0.472686
6922.000000	10.712203	0.464458
6922.000000	11.535897	0.458177
6922.000000	12.359591	0.452149
6922.000000	13.183284	0.445548
6922.000000	14.006978	0.438094
6922.000000	14.830671	0.429641
6922.000000	15.654365	0.421419
6922.000000	16.478059	0.414372
6922.000000	17.301752	0.409732
6922.000000	18.125446	0.408309
6922.000000	18.949139	0.410336
6922.000000	19.772833	0.416277
6922.000000	20.596527	0.426513
7247.000000	-19.105505	0.349809
7247.000000	-18.281811	0.348500
7247.000000	-17.458118	0.350189
7247.000000	-16.634424	0.354638
7247.000000	-15.810730	0.361128
7247.000000	-14.987037	0.368926
7247.000000	-14.163343	0.377071
7247.000000	-13.339650	0.384662
7247.000000	-12.515956	0.391734
7247.000000	-11.692262	0.398102
7247.000000	-10.868569	0.404783
7247.000000	-10.044875	0.413061
7247.000000	-9.221182	0.423083
7247.000000	-8.397488	0.435210
7247.000000	-7.573794	0.449532
7247.000000	-6.750101	0.466376
7247.000000	-5.926407	0.486133
7247.000000	-5.102714	0.509478
7247.000000	-4.279020	0.537729
7247.000000	-3.455326	0.573501
7247.000000	-2.631633	0.623108
7247.000000	3.298961	0.600067
7247.000000	4.122655	0.565066
7247.000000	4.946348	0.537739
7247.000000	5.770042	0.515152
7247.000000	6.593735	0.495944
7247.000000	7.417429	0.479505
7247.000000	8.241123	0.465464
7247.000000	9.064816	0.453567
7247.000000	9.888510	0.443766
7247.000000	10.712203	0.435799
7247.000000	11.535897	0.429680
7247.000000	12.359591	0.423799
7247.000000	13.183284	0.417387
7247.000000	14.006978	0.410180
7247.000000	14.830671	0.402032
7247.000000	15.654365	0.394111
7247.000000	16.478059	0.387305
7247.000000	17.301752	0.382779
7247.000000	18.125446	0.381301
7247.000000	18.949139	0.383095
7247.000000	19.772833	0.388604
7247.000000	20.596527	0.398190
7572.000000	-19.105505	0.327550
7572.000000	-18.281811	0.326411
7572.000000	-17.458118	0.328132
7572.000000	-16.634424	0.332486
7572.000000	-15.810730	0.338782
7572.000000	-14.987037	0.346324
7572.000000	-14.163343	0.354199
7572.000000	-13.339650	0.361548
7572.000000	-12.515956	0.368409
7572.000000	-11.692262	0.374607
7572.000000	-10.868569	0.381099
7572.000000	-10.044875	0.389108
7572.000000	-9.221182	0.398772
7572.000000	-8.397488	0.410437
7572.000000	-7.573794	0.424183
7572.000000	-6.750101	0.440319
7572.000000	-5.926407	0.459211
7572.000000	-5.102714	0.481494
7572.000000	-4.279020	0.508409
7572.000000	-3.455326	0.542422
7572.000000	-2.631633	0.589499
7572.000000	3.298961	0.567068
7572.000000	4.122655	0.533706
7572.000000	4.946348	0.507604
7572.000000	5.770042	0.485993
7572.000000	6.593735	0.467585
7572.000000	7.417429	0.451805
7572.000000	8.241123	0.438303
7572.000000	9.064816	0.426838
7572.000000	9.888510	0.417363
7572.000000	10.712203	0.409631
7572.000000	11.535897	0.403654
7572.000000	12.359591	0.397901
7572.000000	13.183284	0.391657
7572.000000	14.006978	0.384668
7572.000000	14.830671	0.376792
7572.000000	15.654365	0.369139
7572.000000	16.478059	0.362545
7572.000000	17.301752	0.358113
7572.000000	18.125446	0.356575
7572.000000	18.949139	0.358144
7572.000000	19.772833	0.363243
7572.000000	20.596527	0.372220
7897.000000	-19.105505	0.306983
7897.000000	-18.281811	0.306011
7897.000000	-17.458118	0.307772
7897.000000	-16.634424	0.312048
7897.000000	-15.810730	0.318173
7897.000000	-14.987037	0.325484
7897.000000	-14.163343	0.333119
7897.000000	-13.339650	0.340251
7897.000000	-12.515956	0.346925
7897.000000	-11.692262	0.352973
7897.000000	-10.868569	0.359297
7897.000000	-10.044875	0.367065
7897.000000	-9.221182	0.376406
7897.000000	-8.397488	0.387650
7897.000000	-7.573794	0.400871
7897.000000	-6.750101	0.416361
7897.000000	-5.926407	0.434463
7897.000000	-5.102714	0.455775
7897.000000	-4.279020	0.481468
7897.000000	-3.455326	0.513872
7897.000000	-2.631633	0.558633
7897.000000	3.298961	0.536814
7897.000000	4.122655	0.504960
7897.000000	4.946348	0.479985
7897.000000	5.770042	0.459270
7897.000000	6.593735	0.441597
7897.000000	7.417429	0.426421
7897.000000	8.241123	0.413411
7897.000000	9.064816	0.402339
7897.000000	9.888510	0.393162
7897.000000	10.712203	0.385641
7897.000000	11.535897	0.379791
7897.000000	12.359591	0.374151
7897.000000	13.183284	0.368055
7897.000000	14.006978	0.361261
7897.000000	14.830671	0.353628
7897.000000	15.654365	0.346214
7897.000000	16.478059	0.339806
7897.000000	17.301752	0.335453
7897.000000	18.125446	0.333851
7897.000000	18.949139	0.335204
7897.000000	19.772833	0.339917
7897.000000	20.596527	0.348320
8222.000000	-19.105505	0.287921
8222.000000	-18.281811	0.287114
8222.000000	-17.458118	0.288921
8222.000000	-16.634424	0.293131
8222.000000	-15.810730	0.299105
8222.000000	-14.987037	0.306210
8222.000000	-14.163343	0.313627
8222.000000	-13.339650	0.320565
8222.000000	-12.515956	0.327071
8222.000000	-11.692262	0.332987
8222.000000	-10.868569	0.339162
8222.000000	-10.044875	0.346711
8222.000000	-9.221182	0.355758
8222.000000	-8.397488	0.366619
8222.000000	-7.573794	0.379360
8222.000000	-6.750101	0.394258
8222.000000	-5.926407	0.411636
8222.000000	-5.102714	0.432056
8222.000000	-4.279020	0.456627
8222.000000	-3.455326	0.487554
8222.000000	-2.631633	0.530187
8222.000000	3.298961	0.508976
8222.000000	4.122655	0.478514
8222.000000	4.946348	0.454579
8222.000000	5.770042	0.434691
8222.000000	6.593735	0.417693
8222.000000	7.417429	0.403073
8222.000000	8.241123	0.390516
8222.000000	9.064816	0.379804
8222.000000	9.888510	0.370898
8222.000000	10.712203	0.363569
8222.000000	11.535897	0.357832
8222.000000	12.359591	0.352293
8222.000000	13.183284	0.346328
8222.000000	14.006978	0.339709
8222.000000	14.830671	0.332293
8222.000000	15.654365	0.325094
8222.000000	16.478059	0.318852
8222.000000	17.301752	0.314564
8222.000000	18.125446	0.312895
8222.000000	18.949139	0.314041
8222.000000	19.772833	0.318388
8222.000000	20.596527	0.326252
8547.000000	-19.105505	0.270205
8547.000000	-18.281811	0.269559
8547.000000	-17.458118	0.271417
8547.000000	-16.634424	0.275573
8547.000000	-15.810730	0.281412
8547.000000	-14.987037	0.288330
8547.000000	-14.163343	0.295551
8547.000000	-13.339650	0.302313
8547.000000	-12.515956	0.308670
8547.000000	-11.692262	0.314468
8547.000000	-10.868569	0.320509
8547.000000	-10.044875	0.327861
8547.000000	-9.221182	0.336640
8547.000000	-8.397488	0.347149
8547.000000	-7.573794	0.359449
8547.000000	-6.750101	0.373803
8547.000000	-5.926407	0.390514
8547.000000	-5.102714	0.410114
8547.000000	-4.279020	0.433652
8547.000000	-3.455326	0.463216
8547.000000	-2.631633	0.503888
8547.000000	3.298961	0.483276
8547.000000	4.122655	0.454102
8547.000000	4.946348	0.431131
8547.000000	5.770042	0.412006
8547.000000	6.593735	0.395634
8547.000000	7.417429	0.381526
8547.000000	8.241123	0.369386
8547.000000	9.064816	0.359005
8547.000000	9.888510	0.350347
8547.000000	10.712203	0.343194
8547.000000	11.535897	0.337558
8547.000000	12.359591	0.332108
8547.000000	13.183284	0.326260
8547.000000	14.006978	0.319798
8547.000000	14.830671	0.312580
8547.000000	15.654365	0.305573
8547.000000	16.478059	0.299480
8547.000000	17.301752	0.295246
8547.000000	18.125446	0.293509
8547.000000	18.949139	0.294456
8547.000000	19.772833	0.298456
8547.000000	20.596527	0.305812
8872.000000	-19.105505	0.253697
8872.000000	-18.281811	0.253210
8872.000000	-17.458118	0.255120
8872.000000	-16.634424	0.259231
8872.000000	-15.810730	0.264950
8872.000000	-14.987037	0.271700
8872.000000	-14.163343	0.278743
8872.000000	-13.339650	0.285346
8872.000000	-12.515956	0.291567
8872.000000	-11.692262	0.297260
8872.000000	-10.868569	0.303180
8872.000000	-10.044875	0.310352
8872.000000	-9.221182	0.318886
8872.000000	-8.397488	0.329072
8872.000000	-7.573794	0.340967
8872.000000	-6.750101	0.354819
8872.000000	-5.926407	0.370914
8872.000000	-5.102714	0.389755
8872.000000	-4.279020	0.412338
8872.000000	-3.455326	0.440644
8872.000000	-2.631633	0.479500
8872.000000	3.298961	0.459476
8872.000000	4.122655	0.431499
8872.000000	4.946348	0.409421
8872.000000	5.770042	0.391006
8872.000000	6.593735	0.375212
8872.000000	7.417429	0.361580
8872.000000	8.241123	0.349825
8872.000000	9.064816	0.339750
8872.000000	9.888510	0.331320
8872.000000	10.712203	0.324327
8872.000000	11.535897	0.318782
8872.000000	12.359591	0.313411
8872.000000	13.183284	0.307669
8872.000000	14.006978	0.301349
8872.000000	14.830671	0.294309
8872.000000	15.654365	0.287477
8872.000000	16.478059	0.281516
8872.000000	17.301752	0.277328
8872.000000	18.125446	0.275523
8872.000000	18.949139	0.276278
8872.000000	19.772833	0.279950
8872.000000	20.596527	0.286825
9197.000000	-19.105505	0.238278
9197.000000	-18.281811	0.237945
9197.000000	-17.458118	0.239910
9197.000000	-16.634424	0.243985
9197.000000	-15.810730	0.249595
9197.000000	-14.987037	0.256192
9197.000000	-14.163343	0.263072
9197.000000	-13.339650	0.269531
9197.000000	-12.515956	0.275630
9197.000000	-11.692262	0.281229
9197.000000	-10.868569	0.287040
9197.000000	-10.044875	0.294048
9197.000000	-9.221182	0.302356
9197.000000	-8.397488	0.312244
9197.000000	-7.573794	0.323764
9197.000000	-6.750101	0.337151
9197.000000	-5.926407	0.352676
9197.000000	-5.102714	0.370815
9197.000000	-4.279020	0.392512
9197.000000	-3.455326	0.419650
9197.000000	-2.631633	0.456823
9197.000000	3.298961	0.437373
9197.000000	4.122655	0.410510
9197.000000	4.946348	0.389265
9197.000000	5.770042	0.371509
9197.000000	6.593735	0.356254
9197.000000	7.417429	0.343062
9197.000000	8.241123	0.331664
9197.000000	9.064816	0.321872
9197.000000	9.888510	0.313653
9197.000000	10.712203	0.306806
9197.000000	11.535897	0.301344
9197.000000	12.359591	0.296044
9197.000000	13.183284	0.290397
9197.000000	14.006978	0.284207
9197.000000	14.830671	0.277328
9197.000000	15.654365	0.270655
9197.000000	16.478059	0.264813
9197.000000	17.301752	0.260663
9197.000000	18.125446	0.258789
9197.000000	18.949139	0.259361
9197.000000	19.772833	0.262721
9197.000000	20.596527	0.269142
9522.000000	-19.105505	0.223843
9522.000000	-18.281811	0.223660
9522.000000	-17.458118	0.225682
9522.000000	-16.634424	0.229726
9522.000000	-15.810730	0.235240
9522.000000	-14.987037	0.241696
9522.000000	-14.163343	0.248428
9522.000000	-13.339650	0.254756
9522.000000	-12.515956	0.260743
9522.000000	-11.692262	0.266257
9522.000000	-10.868569	0.271971
9522.000000	-10.044875	0.278828
9522.000000	-9.221182	0.286928
9522.000000	-8.397488	0.296540
9522.000000	-7.573794	0.307712
9522.000000	-6.750101	0.320668
9522.000000	-5.926407	0.335664
9522.000000	-5.102714	0.353150
9522.000000	-4.279020	0.374024
9522.000000	-3.455326	0.400077
9522.000000	-2.631633	0.435683
9522.000000	3.298961	0.416792
9522.000000	4.122655	0.390970
9522.000000	4.946348	0.370500
9522.000000	5.770042	0.353360
9522.000000	6.593735	0.338606
9522.000000	7.417429	0.325824
9522.000000	8.241123	0.314758
9522.000000	9.064816	0.305228
9522.000000	9.888510	0.297204
9522.000000	10.712203	0.290492
9522.000000	11.535897	0.285106
9522.000000	12.359591	0.279870
9522.000000	13.183284	0.274309
9522.000000	14.006978	0.268236
9522.000000	14.830671	0.261506
9522.000000	15.654365	0.254977
9522.000000	16.478059	0.249242
9522.000000	17.301752	0.245123
9522.000000	18.125446	0.243181
9522.000000	18.949139	0.243577
9522.000000	19.772833	0.246641
9522.000000	20.596527	0.252632
9847.000000	-19.105505	0.210301
9847.000000	-18.281811	0.210263
9847.000000	-17.458118	0.212343
9847.000000	-16.634424	0.216362
9847.000000	-15.810730	0.221788
9847.000000	-14.987037	0.228117
9847.000000	-14.163343	0.234713
9847.000000	-13.339650	0.240920
9847.000000	-12.515956	0.246806
9847.000000	-11.692262	0.252244
9847.000000	-10.868569	0.257868
9847.000000	-10.044875	0.264587
9847.000000	-9.221182	0.272494
9847.000000	-8.397488	0.281851
9847.000000	-7.573794	0.292700
9847.000000	-6.750101	0.305254
9847.000000	-5.926407	0.319757
9847.000000	-5.102714	0.336635
9847.000000	-4.279020	0.356742
9847.000000	-3.455326	0.381783
9847.000000	-2.631633	0.415929
9847.000000	3.298961	0.397581
9847.000000	4.122655	0.372732
9847.000000	4.946348	0.352988
9847.000000	5.770042	0.336423
9847.000000	6.593735	0.322137
9847.000000	7.417429	0.309738
9847.000000	8.241123	0.298982
9847.000000	9.064816	0.289696
9847.000000	9.888510	0.281853
9847.000000	10.712203	0.275266
9847.000000	11.535897	0.269948
9847.000000	12.359591	0.264769
9847.000000	13.183284	0.259287
9847.000000	14.006978	0.253321
9847.000000	14.830671	0.246726
9847.000000	15.654365	0.240329
9847.000000	16.478059	0.234691
9847.000000	17.301752	0.230599
9847.000000	18.125446	0.228589
9847.000000	18.949139	0.228817
9847.000000	19.772833	0.231599
9847.000000	20.596527	0.237182
10172.000000	-19.105505	0.197572
10172.000000	-18.281811	0.197675
10172.000000	-17.458118	0.199812
10172.000000	-16.634424	0.203812
10172.000000	-15.810730	0.209159
10172.000000	-14.987037	0.215370
10172.000000	-14.163343	0.221840
10172.000000	-13.339650	0.227938
10172.000000	-12.515956	0.233731
10172.000000	-11.692262	0.239099
10172.000000	-10.868569	0.244642
10172.000000	-10.044875	0.251233
10172.000000	-9.221182	0.258963
10172.000000	-8.397488	0.268081
10172.000000	-7.573794	0.278629
10172.000000	-6.750101	0.290809
10172.000000	-5.926407	0.304852
10172.000000	-5.102714	0.321162
10172.000000	-4.279020	0.340553
10172.000000	-3.455326	0.364648
10172.000000	-2.631633	0.397429
10172.000000	3.298961	0.379608
10172.000000	4.122655	0.355670
10172.000000	4.946348	0.336608
10172.000000	5.770042	0.320580
10172.000000	6.593735	0.306734
10172.000000	7.417429	0.294693
10172.000000	8.241123	0.284225
10172.000000	9.064816	0.275167
10172.000000	9.888510	0.267492
10172.000000	10.712203	0.261021
10172.000000	11.535897	0.255766
10172.000000	12.359591	0.250639
10172.000000	13.183284	0.245228
10172.000000	14.006978	0.239360
10172.000000	14.830671	0.232890
10172.000000	15.654365	0.226614
10172.000000	16.478059	0.221065
10172.000000	17.301752	0.216993
10172.000000	18.125446	0.214916
10172.000000	18.949139	0.214984
10172.000000	19.772833	0.217498
10172.000000	20.596527	0.222694
10497.000000	-19.105505	0.185584
10497.000000	-18.281811	0.185825
10497.000000	-17.458118	0.188019
10497.000000	-16.634424	0.192003
10497.000000	-15.810730	0.197278
10497.000000	-14.987037	0.203381
10497.000000	-14.163343	0.209736
10497.000000	-13.339650	0.215732
10497.000000	-12.515956	0.221441
10497.000000	-11.692262	0.226746
10497.000000	-10.868569	0.232214
10497.000000	-10.044875	0.238687
10497.000000	-9.221182	0.246251
10497.000000	-8.397488	0.255147
10497.000000	-7.573794	0.265414
10497.000000	-6.750101	0.277245
10497.000000	-5.926407	0.290856
10497.000000	-5.102714	0.306635
10497.000000	-4.279020	0.325355
10497.000000	-3.455326	0.348565
10497.000000	-2.631633	0.380067
10497.000000	3.298961	0.362756
10497.000000	4.122655	0.339675
10497.000000	4.946348	0.321252
10497.000000	5.770042	0.305730
10497.000000	6.593735	0.292295
10497.000000	7.417429	0.280590
10497.000000	8.241123	0.270393
10497.000000	9.064816	0.261548
10497.000000	9.888510	0.254030
10497.000000	10.712203	0.247665
10497.000000	11.535897	0.242468
10497.000000	12.359591	0.237389
10497.000000	13.183284	0.232042
10497.000000	14.006978	0.226265
10497.000000	14.830671	0.219909
10497.000000	15.654365	0.213745
10497.000000	16.478059	0.208276
10497.000000	17.301752	0.204222
10497.000000	18.125446	0.202079
10497.000000	18.949139	0.201992
10497.000000	19.772833	0.204251
10497.000000	20.596527	0.209079
10822.000000	-19.105505	0.174275
10822.000000	-18.281811	0.174648
10822.000000	-17.458118	0.176900
10822.000000	-16.634424	0.180872
10822.000000	-15.810730	0.186081
10822.000000	-14.987037	0.192084
10822.000000	-14.163343	0.198333
10822.000000	-13.339650	0.204235
10822.000000	-12.515956	0.209866
10822.000000	-11.692262	0.215114
10822.000000	-10.868569	0.220513
10822.000000	-10.044875	0.226877
10822.000000	-9.221182	0.234286
10822.000000	-8.397488	0.242976
10822.000000	-7.573794	0.252979
10822.000000	-6.750101	0.264482
10822.000000	-5.926407	0.277690
10822.000000	-5.102714	0.292970
10822.000000	-4.279020	0.311061
10822.000000	-3.455326	0.333439
10822.000000	-2.631633	0.363741
10822.000000	3.298961	0.346925
10822.000000	4.122655	0.324650
10822.000000	4.946348	0.306828
10822.000000	5.770042	0.291782
10822.000000	6.593735	0.278733
10822.000000	7.417429	0.267343
10822.000000	8.241123	0.257400
10822.000000	9.064816	0.248754
10822.000000	9.888510	0.241384
10822.000000	10.712203	0.235119
10822.000000	11.535897	0.229974
10822.000000	12.359591	0.224938
10822.000000	13.183284	0.219651
10822.000000	14.006978	0.213957
10822.000000	14.830671	0.207708
10822.000000	15.654365	0.201646
10822.000000	16.478059	0.196250
10822.000000	17.301752	0.192210
10822.000000	18.125446	0.190004
10822.000000	18.949139	0.189768
10822.000000	19.772833	0.191783
10822.000000	20.596527	0.196261
11147.000000	-19.105505	0.163589
11147.000000	-18.281811	0.164090
11147.000000	-17.458118	0.166398
11147.000000	-16.634424	0.170361
11147.000000	-15.810730	0.175511
11147.000000	-14.987037	0.181422
11147.000000	-14.163343	0.187571
11147.000000	-13.339650	0.193388
11147.000000	-12.515956	0.198946
11147.000000	-11.692262	0.204141
11147.000000	-10.868569	0.209478
11147.000000	-10.044875	0.215740
11147.000000	-9.221182	0.223005
11147.000000	-8.397488	0.231501
11147.000000	-7.573794	0.241257
11147.000000	-6.750101	0.252452
11147.000000	-5.926407	0.265281
11147.000000	-5.102714	0.280092
11147.000000	-4.279020	0.297591
11147.000000	-3.455326	0.319189
11147.000000	-2.631633	0.348362
11147.000000	3.298961	0.332023
11147.000000	4.122655	0.310509
11147.000000	4.946348	0.293254
11147.000000	5.770042	0.278656
11147.000000	6.593735	0.265971
11147.000000	7.417429	0.254878
11147.000000	8.241123	0.245173
11147.000000	9.064816	0.236715
11147.000000	9.888510	0.229481
11147.000000	10.712203	0.223310
11147.000000	11.535897	0.218214
11147.000000	12.359591	0.213217
11147.000000	13.183284	0.207985
11147.000000	14.006978	0.202368
11147.000000	14.830671	0.196217
11147.000000	15.654365	0.190251
11147.000000	16.478059	0.184922
11147.000000	17.301752	0.180892
11147.000000	18.125446	0.178623
11147.000000	18.949139	0.178245
11147.000000	19.772833	0.180028
11147.000000	20.596527	0.184172
11472.000000	-19.105505	0.153475
11472.000000	-18.281811	0.154101
11472.000000	-17.458118	0.156465
11472.000000	-16.634424	0.160421
11472.000000	-15.810730	0.165516
11472.000000	-14.987037	0.171341
11472.000000	-14.163343	0.177399
11472.000000	-13.339650	0.183135
11472.000000	-12.515956	0.188628
11472.000000	-11.692262	0.193774
11472.000000	-10.868569	0.199053
11472.000000	-10.044875	0.205221
11472.000000	-9.221182	0.212351
11472.000000	-8.397488	0.220664
11472.000000	-7.573794	0.230188
11472.000000	-6.750101	0.241093
11472.000000	-5.926407	0.253565
11472.000000	-5.102714	0.267936
11472.000000	-4.279020	0.284878
11472.000000	-3.455326	0.305739
11472.000000	-2.631633	0.333849
11472.000000	3.298961	0.317972
11472.000000	4.122655	0.297175
11472.000000	4.946348	0.280456
11472.000000	5.770042	0.266281
11472.000000	6.593735	0.253940
11472.000000	7.417429	0.243126
11472.000000	8.241123	0.233646
11472.000000	9.064816	0.225364
11472.000000	9.888510	0.218260
11472.000000	10.712203	0.212175
11472.000000	11.535897	0.207125
11472.000000	12.359591	0.202164
11472.000000	13.183284	0.196982
11472.000000	14.006978	0.191436
11472.000000	14.830671	0.185376
11472.000000	15.654365	0.179498
11472.000000	16.478059	0.174231
11472.000000	17.301752	0.170210
11472.000000	18.125446	0.167879
11472.000000	18.949139	0.167365
11472.000000	19.772833	0.168925
11472.000000	20.596527	0.172752
11797.000000	-19.105505	0.143890
11797.000000	-18.281811	0.144635
11797.000000	-17.458118	0.147054
11797.000000	-16.634424	0.151006
11797.000000	-15.810730	0.156051
11797.000000	-14.987037	0.161797
11797.000000	-14.163343	0.167769
11797.000000	-13.339650	0.173431
11797.000000	-12.515956	0.178862
11797.000000	-11.692262	0.183964
11797.000000	-10.868569	0.189190
11797.000000	-10.044875	0.195269
11797.000000	-9.221182	0.202272
11797.000000	-8.397488	0.210414
11797.000000	-7.573794	0.219720
11797.000000	-6.750101	0.230352
11797.000000	-5.926407	0.242487
11797.000000	-5.102714	0.256442
11797.000000	-4.279020	0.272858
11797.000000	-3.455326	0.293025
11797.000000	-2.631633	0.320130
11797.000000	3.298961	0.304700
11797.000000	4.122655	0.284583
11797.000000	4.946348	0.268370
11797.000000	5.770042	0.254594
11797.000000	6.593735	0.242578
11797.000000	7.417429	0.232028
11797.000000	8.241123	0.222761
11797.000000	9.064816	0.214644
11797.000000	9.888510	0.207661
11797.000000	10.712203	0.201658
11797.000000	11.535897	0.196650
11797.000000	12.359591	0.191722
11797.000000	13.183284	0.186587
11797.000000	14.006978	0.181107
11797.000000	14.830671	0.175132
11797.000000	15.654365	0.169336
11797.000000	16.478059	0.164125
11797.000000	17.301752	0.160111
11797.000000	18.125446	0.157720
11797.000000	18.949139	0.157074
11797.000000	19.772833	0.158422
11797.000000	20.596527	0.161946
12122.000000	-19.105505	0.134791
12122.000000	-18.281811	0.135653
12122.000000	-17.458118	0.138126
12122.000000	-16.634424	0.142076
12122.000000	-15.810730	0.147074
12122.000000	-14.987037	0.152746
12122.000000	-14.163343	0.158639
12122.000000	-13.339650	0.164231
12122.000000	-12.515956	0.169605
12122.000000	-11.692262	0.174667
12122.000000	-10.868569	0.179843
12122.000000	-10.044875	0.185839
12122.000000	-9.221182	0.192724
12122.000000	-8.397488	0.200704
12122.000000	-7.573794	0.209804
12122.000000	-6.750101	0.220178
12122.000000	-5.926407	0.231996
12122.000000	-5.102714	0.245557
12122.000000	-4.279020	0.261477
12122.000000	-3.455326	0.280988
12122.000000	-2.631633	0.307143
12122.000000	3.298961	0.292145
12122.000000	4.122655	0.272671
12122.000000	4.946348	0.256938
12122.000000	5.770042	0.243541
12122.000000	6.593735	0.231832
12122.000000	7.417429	0.221532
12122.000000	8.241123	0.212465
12122.000000	9.064816	0.204505
12122.000000	9.888510	0.197636
12122.000000	10.712203	0.191710
12122.000000	11.535897	0.186740
12122.000000	12.359591	0.181843
12122.000000	13.183284	0.176751
12122.000000	14.006978	0.171333
12122.000000	14.830671	0.165437
12122.000000	15.654365	0.159717
12122.000000	16.478059	0.154559
12122.000000	17.301752	0.150548
12122.000000	18.125446	0.148099
12122.000000	18.949139	0.147327
12122.000000	19.772833	0.148472
12122.000000	20.596527	0.151705
12447.000000	-19.105505	0.126144
12447.000000	-18.281811	0.127118
12447.000000	-17.458118	0.129645
12447.000000	-16.634424	0.133594
12447.000000	-15.810730	0.138550
12447.000000	-14.987037	0.144153
12447.000000	-14.163343	0.149971
12447.000000	-13.339650	0.155498
12447.000000	-12.515956	0.160819
12447.000000	-11.692262	0.165844
12447.000000	-10.868569	0.170974
12447.000000	-10.044875	0.176892
12447.000000	-9.221182	0.183665
12447.000000	-8.397488	0.191493
12447.000000	-7.573794	0.200398
12447.000000	-6.750101	0.210529
12447.000000	-5.926407	0.222046
12447.000000	-5.102714	0.235235
12447.000000	-4.279020	0.250685
12447.000000	-3.455326	0.269574
12447.000000	-2.631633	0.294831
12447.000000	3.298961	0.280250
12447.000000	4.122655	0.261387
12447.000000	4.946348	0.246108
12447.000000	5.770042	0.233070
12447.000000	6.593735	0.221652
12447.000000	7.417429	0.211589
12447.000000	8.241123	0.202711
12447.000000	9.064816	0.194900
12447.000000	9.888510	0.188139
12447.000000	10.712203	0.182285
12447.000000	11.535897	0.177351
12447.000000	12.359591	0.172482
12447.000000	13.183284	0.167430
12447.000000	14.006978	0.162069
12447.000000	14.830671	0.156247
12447.000000	15.654365	0.150598
12447.000000	16.478059	0.145488
12447.000000	17.301752	0.141481
12447.000000	18.125446	0.138975
12447.000000	18.949139	0.138082
12447.000000	19.772833	0.139032
12447.000000	20.596527	0.141988
12772.000000	-19.105505	0.117916
12772.000000	-18.281811	0.118998
12772.000000	-17.458118	0.121578
12772.000000	-16.634424	0.125527
12772.000000	-15.810730	0.130444
12772.000000	-14.987037	0.135982
12772.000000	-14.163343	0.141730
12772.000000	-13.339650	0.147197
12772.000000	-12.515956	0.152469
12772.000000	-11.692262	0.157459
12772.000000	-10.868569	0.162546
12772.000000	-10.044875	0.168392
12772.000000	-9.221182	0.175059
12772.000000	-8.397488	0.182743
12772.000000	-7.573794	0.191464
12772.000000	-6.750101	0.201364
12772.000000	-5.926407	0.212596
12772.000000	-5.102714	0.225433
12772.000000	-4.279020	0.240437
12772.000000	-3.455326	0.258737
12772.000000	-2.631633	0.283142
12772.000000	3.298961	0.268964
12772.000000	4.122655	0.250681
12772.000000	4.946348	0.235834
12772.000000	5.770042	0.223137
12772.000000	6.593735	0.211996
12772.000000	7.417429	0.202156
12772.000000	8.241123	0.193459
12772.000000	9.064816	0.185788
12772.000000	9.888510	0.179129
12772.000000	10.712203	0.173342
12772.000000	11.535897	0.168443
12772.000000	12.359591	0.163599
12772.000000	13.183284	0.158585
12772.000000	14.006978	0.153278
12772.000000	14.830671	0.147525
12772.000000	15.654365	0.141942
12772.000000	16.478059	0.136877
12772.000000	17.301752	0.132871
12772.000000	18.125446	0.130310
12772.000000	18.949139	0.129300
12772.000000	19.772833	0.130063
12772.000000	20.596527	0.132754
13097.000000	-19.105505	0.110076
13097.000000	-18.281811	0.111264
13097.000000	-17.458118	0.113894
13097.000000	-16.634424	0.117846
13097.000000	-15.810730	0.122726
13097.000000	-14.987037	0.128204
13097.000000	-14.163343	0.133887
13097.000000	-13.339650	0.139297
13097.000000	-12.515956	0.144523
13097.000000	-11.692262	0.149480
13097.000000	-10.868569	0.154528
13097.000000	-10.044875	0.160305
13097.000000	-9.221182	0.166872
13097.000000	-8.397488	0.174420
13097.000000	-7.573794	0.182967
13097.000000	-6.750101	0.192648
13097.000000	-5.926407	0.203610
13097.000000	-5.102714	0.216112
13097.000000	-4.279020	0.230694
13097.000000	-3.455326	0.248435
13097.000000	-2.631633	0.272030
13097.000000	3.298961	0.258242
13097.000000	4.122655	0.240510
13097.000000	4.946348	0.226074
13097.000000	5.770042	0.213701
13097.000000	6.593735	0.202823
13097.000000	7.417429	0.193197
13097.000000	8.241123	0.184670
13097.000000	9.064816	0.177132
13097.000000	9.888510	0.170570
13097.000000	10.712203	0.164847
13097.000000	11.535897	0.159979
13097.000000	12.359591	0.155159
13097.000000	13.183284	0.150180
13097.000000	14.006978	0.144923
13097.000000	14.830671	0.139235
13097.000000	15.654365	0.133715
13097.000000	16.478059	0.128691
13097.000000	17.301752	0.124685
13097.000000	18.125446	0.122071
13097.000000	18.949139	0.120948
13097.000000	19.772833	0.121532
13097.000000	20.596527	0.123968
13422.000000	-19.105505	0.102598
13422.000000	-18.281811	0.103888
13422.000000	-17.458118	0.106569
13422.000000	-16.634424	0.110523
13422.000000	-15.810730	0.115370
13422.000000	-14.987037	0.120792
13422.000000	-14.163343	0.126412
13422.000000	-13.339650	0.131769
13422.000000	-12.515956	0.136952
13422.000000	-11.692262	0.141880
13422.000000	-10.868569	0.146890
13422.000000	-10.044875	0.152603
13422.000000	-9.221182	0.159076
13422.000000	-8.397488	0.166495
13422.000000	-7.573794	0.174875
13422.000000	-6.750101	0.184349
13422.000000	-5.926407	0.195054
13422.000000	-5.102714	0.207239
13422.000000	-4.279020	0.221418
13422.000000	-3.455326	0.238628
13422.000000	-2.631633	0.261453
13422.000000	3.298961	0.248042
13422.000000	4.122655	0.230835
13422.000000	4.946348	0.216791
13422.000000	5.770042	0.204727
13422.000000	6.593735	0.194098
13422.000000	7.417429	0.184675
13422.000000	8.241123	0.176310
13422.000000	9.064816	0.168898
13422.000000	9.888510	0.162428
13422.000000	10.712203	0.156766
13422.000000	11.535897	0.151928
13422.000000	12.359591	0.147130
13422.000000	13.183284	0.142183
13422.000000	14.006978	0.136973
13422.000000	14.830671	0.131346
13422.000000	15.654365	0.125884
13422.000000	16.478059	0.120899
13422.000000	17.301752	0.116893
13422.000000	18.125446	0.114226
13422.000000	18.949139	0.112995
13422.000000	19.772833	0.113407
13422.000000	20.596527	0.115599
13747.000000	-19.105505	0.095458
13747.000000	-18.281811	0.096847
13747.000000	-17.458118	0.099576
13747.000000	-16.634424	0.103534
13747.000000	-15.810730	0.108350
13747.000000	-14.987037	0.113718
13747.000000	-14.163343	0.119281
13747.000000	-13.339650	0.124588
13747.000000	-12.515956	0.129731
13747.000000	-11.692262	0.134631
13747.000000	-10.868569	0.139606
13747.000000	-10.044875	0.145258
13747.000000	-9.221182	0.151642
13747.000000	-8.397488	0.158938
13747.000000	-7.573794	0.167161
13747.000000	-6.750101	0.176438
13747.000000	-5.926407	0.186898
13747.000000	-5.102714	0.198781
13747.000000	-4.279020	0.212577
13747.000000	-3.455326	0.229281
13747.000000	-2.631633	0.251374
13747.000000	3.298961	0.238327
13747.000000	4.122655	0.221622
13747.000000	4.946348	0.207950
13747.000000	5.770042	0.196180
13747.000000	6.593735	0.185790
13747.000000	7.417429	0.176559
13747.000000	8.241123	0.168349
13747.000000	9.064816	0.161058
13747.000000	9.888510	0.154674
13747.000000	10.712203	0.149069
13747.000000	11.535897	0.144259
13747.000000	12.359591	0.139482
13747.000000	13.183284	0.134565
13747.000000	14.006978	0.129399
13747.000000	14.830671	0.123830
13747.000000	15.654365	0.118423
13747.000000	16.478059	0.113474
13747.000000	17.301752	0.109466
13747.000000	18.125446	0.106748
13747.000000	18.949139	0.105413
13747.000000	19.772833	0.105659
13747.000000	20.596527	0.107618
14072.000000	-19.105505	0.088633
14072.000000	-18.281811	0.090117
14072.000000	-17.458118	0.092895
14072.000000	-16.634424	0.096857
14072.000000	-15.810730	0.101644
14072.000000	-14.987037	0.106962
14072.000000	-14.163343	0.112470
14072.000000	-13.339650	0.117730
14072.000000	-12.515956	0.122835
14072.000000	-11.692262	0.127710
14072.000000	-10.868569	0.132653
14072.000000	-10.044875	0.138247
14072.000000	-9.221182	0.144545
14072.000000	-8.397488	0.151725
14072.000000	-7.573794	0.159799
14072.000000	-6.750101	0.168887
14072.000000	-5.926407	0.179115
14072.000000	-5.102714	0.190710
14072.000000	-4.279020	0.204142
14072.000000	-3.455326	0.220363
14072.000000	-2.631633	0.241759
14072.000000	3.298961	0.229064
14072.000000	4.122655	0.212836
14072.000000	4.946348	0.199521
14072.000000	5.770042	0.188032
14072.000000	6.593735	0.177868
14072.000000	7.417429	0.168822
14072.000000	8.241123	0.160759
14072.000000	9.064816	0.153582
14072.000000	9.888510	0.147281
14072.000000	10.712203	0.141730
14072.000000	11.535897	0.136946
14072.000000	12.359591	0.132188
14072.000000	13.183284	0.127300
14072.000000	14.006978	0.122176
14072.000000	14.830671	0.116660
14072.000000	15.654365	0.111305
14072.000000	16.478059	0.106390
14072.000000	17.301752	0.102379
14072.000000	18.125446	0.099611
14072.000000	18.949139	0.098176
14072.000000	19.772833	0.098264
14072.000000	20.596527	0.099997
14397.000000	-19.105505	0.082103
14397.000000	-18.281811	0.083679
14397.000000	-17.458118	0.086504
14397.000000	-16.634424	0.090471
14397.000000	-15.810730	0.095232
14397.000000	-14.987037	0.100503
14397.000000	-14.163343	0.105959
14397.000000	-13.339650	0.111175
14397.000000	-12.515956	0.116244
14397.000000	-11.692262	0.121094
14397.000000	-10.868569	0.126007
14397.000000	-10.044875	0.131546
14397.000000	-9.221182	0.137764
14397.000000	-8.397488	0.144834
14397.000000	-7.573794	0.152764
14397.000000	-6.750101	0.161673
14397.000000	-5.926407	0.171680
14397.000000	-5.102714	0.182999
14397.000000	-4.279020	0.196084
14397.000000	-3.455326	0.211846
14397.000000	-2.631633	0.232575
14397.000000	3.298961	0.220221
14397.000000	4.122655	0.204450
14397.000000	4.946348	0.191475
14397.000000	5.770042	0.180254
14397.000000	6.593735	0.170307
14397.000000	7.417429	0.161437
14397.000000	8.241123	0.153515
14397.000000	9.064816	0.146446
14397.000000	9.888510	0.140224
14397.000000	10.712203	0.134725
14397.000000	11.535897	0.129965
14397.000000	12.359591	0.125225
14397.000000	13.183284	0.120364
14397.000000	14.006978	0.115278
14397.000000	14.830671	0.109814
14397.000000	15.654365	0.104508
14397.000000	16.478059	0.099624
14397.000000	17.301752	0.095610
14397.000000	18.125446	0.092794
14397.000000	18.949139	0.091262
14397.000000	19.772833	0.091197
14397.000000	20.596527	0.092714
14722.000000	-19.105505	0.075848
14722.000000	-18.281811	0.077515
14722.000000	-17.458118	0.080385
14722.000000	-16.634424	0.084358
14722.000000	-15.810730	0.089093
14722.000000	-14.987037	0.094320
14722.000000	-14.163343	0.099727
14722.000000	-13.339650	0.104901
14722.000000	-12.515956	0.109937
14722.000000	-11.692262	0.114765
14722.000000	-10.868569	0.119649
14722.000000	-10.044875	0.125137
14722.000000	-9.221182	0.131278
14722.000000	-8.397488	0.138242
14722.000000	-7.573794	0.146037
14722.000000	-6.750101	0.154775
14722.000000	-5.926407	0.164569
14722.000000	-5.102714	0.175627
14722.000000	-4.279020	0.188380
14722.000000	-3.455326	0.203702
14722.000000	-2.631633	0.223795
14722.000000	3.298961	0.211771
14722.000000	4.122655	0.196437
14722.000000	4.946348	0.183787
14722.000000	5.770042	0.172822
14722.000000	6.593735	0.163083
14722.000000	7.417429	0.154381
14722.000000	8.241123	0.146592
14722.000000	9.064816	0.139628
14722.000000	9.888510	0.133481
14722.000000	10.712203	0.128031
14722.000000	11.535897	0.123294
14722.000000	12.359591	0.118571
14722.000000	13.183284	0.113734
14722.000000	14.006978	0.108686
14722.000000	14.830671	0.103270
14722.000000	15.654365	0.098010
14722.000000	16.478059	0.093155
14722.000000	17.301752	0.089137
14722.000000	18.125446	0.086275
14722.000000	18.949139	0.084649
14722.000000	19.772833	0.084437
14722.000000	20.596527	0.085746
15047.000000	-19.105505	0.069853
15047.000000	-18.281811	0.071606
15047.000000	-17.458118	0.074521
15047.000000	-16.634424	0.078501
15047.000000	-15.810730	0.083213
15047.000000	-14.987037	0.088397
15047.000000	-14.163343	0.093758
15047.000000	-13.339650	0.098893
15047.000000	-12.515956	0.103896
15047.000000	-11.692262	0.108704
15047.000000	-10.868569	0.113561
15047.000000	-10.044875	0.119000
15047.000000	-9.221182	0.125068
15047.000000	-8.397488	0.131931
15047.000000	-7.573794	0.139596
15047.000000	-6.750101	0.148171
15047.000000	-5.926407	0.157763
15047.000000	-5.102714	0.168570
15047.000000	-4.279020	0.181005
15047.000000	-3.455326	0.195908
15047.000000	-2.631633	0.215393
15047.000000	3.298961	0.203688
15047.000000	4.122655	0.188773
15047.000000	4.946348	0.176434
15047.000000	5.770042	0.165714
15047.000000	6.593735	0.156174
15047.000000	7.417429	0.147632
15047.000000	8.241123	0.139972
15047.000000	9.064816	0.133106
15047.000000	9.888510	0.127031
15047.000000	10.712203	0.121627
15047.000000	11.535897	0.116913
15047.000000	12.359591	0.112205
15047.000000	13.183284	0.107392
15047.000000	14.006978	0.102379
15047.000000	14.830671	0.097009
15047.000000	15.654365	0.091792
15047.000000	16.478059	0.086964
15047.000000	17.301752	0.082943
15047.000000	18.125446	0.080035
15047.000000	18.949139	0.078318
15047.000000	19.772833	0.077964
15047.000000	20.596527	0.079073
15372.000000	-19.105505	0.064101
15372.000000	-18.281811	0.065939
15372.000000	-17.458118	0.068897
15372.000000	-16.634424	0.072883
15372.000000	-15.810730	0.077573
15372.000000	-14.987037	0.082718
15372.000000	-14.163343	0.088035
15372.000000	-13.339650	0.093132
15372.000000	-12.515956	0.098106
15372.000000	-11.692262	0.102894
15372.000000	-10.868569	0.107725
15372.000000	-10.044875	0.113118
15372.000000	-9.221182	0.119117
15372.000000	-8.397488	0.125884
15372.000000	-7.573794	0.133424
15372.000000	-6.750101	0.141843
15372.000000	-5.926407	0.151242
15372.000000	-5.102714	0.161809
15372.000000	-4.279020	0.173941
15372.000000	-3.455326	0.188441
15372.000000	-2.631633	0.207344
15372.000000	3.298961	0.195949
15372.000000	4.122655	0.181434
15372.000000	4.946348	0.169394
15372.000000	5.770042	0.158909
15372.000000	6.593735	0.149559
15372.000000	7.417429	0.141170
15372.000000	8.241123	0.133633
15372.000000	9.064816	0.126863
15372.000000	9.888510	0.120855
15372.000000	10.712203	0.115497
15372.000000	11.535897	0.110803
15372.000000	12.359591	0.106110
15372.000000	13.183284	0.101319
15372.000000	14.006978	0.096338
15372.000000	14.830671	0.091011
15372.000000	15.654365	0.085836
15372.000000	16.478059	0.081034
15372.000000	17.301752	0.077008
15372.000000	18.125446	0.074056
15372.000000	18.949139	0.072252
15372.000000	19.772833	0.071761
15372.000000	20.596527	0.072678
15697.000000	-19.105505	0.058578
15697.000000	-18.281811	0.060497
15697.000000	-17.458118	0.063498
15697.000000	-16.634424	0.067491
15697.000000	-15.810730	0.072161
15697.000000	-14.987037	0.077267
15697.000000	-14.163343	0.082543
15697.000000	-13.339650	0.087605
15697.000000	-12.515956	0.092551
15697.000000	-11.692262	0.097320
15697.000000	-10.868569	0.102127
15697.000000	-10.044875	0.107476
15697.000000	-9.221182	0.113408
15697.000000	-8.397488	0.120083
15697.000000	-7.573794	0.127505
15697.000000	-6.750101	0.135774
15697.000000	-5.926407	0.144988
15697.000000	-5.102714	0.155325
15697.000000	-4.279020	0.167166
15697.000000	-3.455326	0.181282
15697.000000	-2.631633	0.199627
15697.000000	3.298961	0.188532
15697.000000	4.122655	0.174401
15697.000000	4.946348	0.162648
15697.000000	5.770042	0.152388
15697.000000	6.593735	0.143220
15697.000000	7.417429	0.134979
15697.000000	8.241123	0.127559
15697.000000	9.064816	0.120879
15697.000000	9.888510	0.114937
15697.000000	10.712203	0.109621
15697.000000	11.535897	0.104947
15697.000000	12.359591	0.100267
15697.000000	13.183284	0.095497
15697.000000	14.006978	0.090548
15697.000000	14.830671	0.085263
15697.000000	15.654365	0.080126
15697.000000	16.478059	0.075348
15697.000000	17.301752	0.071317
15697.000000	18.125446	0.068322
15697.000000	18.949139	0.066434
15697.000000	19.772833	0.065811
15697.000000	20.596527	0.066542
16022.000000	-19.105505	0.053270
16022.000000	-18.281811	0.055268
16022.000000	-17.458118	0.058311
16022.000000	-16.634424	0.062311
16022.000000	-15.810730	0.066962
16022.000000	-14.987037	0.072032
16022.000000	-14.163343	0.077268
16022.000000	-13.339650	0.082296
16022.000000	-12.515956	0.087216
16022.000000	-11.692262	0.091968
16022.000000	-10.868569	0.096753
16022.000000	-10.044875	0.102059
16022.000000	-9.221182	0.107928
16022.000000	-8.397488	0.114515
16022.000000	-7.573794	0.121823
16022.000000	-6.750101	0.129949
16022.000000	-5.926407	0.138985
16022.000000	-5.102714	0.149102
16022.000000	-4.279020	0.160665
16022.000000	-3.455326	0.174412
16022.000000	-2.631633	0.192222
16022.000000	3.298961	0.181417
16022.000000	4.122655	0.167656
16022.000000	4.946348	0.156177
16022.000000	5.770042	0.146134
16022.000000	6.593735	0.137140
16022.000000	7.417429	0.129040
16022.000000	8.241123	0.121733
16022.000000	9.064816	0.115140
16022.000000	9.888510	0.109261
16022.000000	10.712203	0.103985
16022.000000	11.535897	0.099329
16022.000000	12.359591	0.094663
16022.000000	13.183284	0.089912
16022.000000	14.006978	0.084993
16022.000000	14.830671	0.079747
16022.000000	15.654365	0.074647
16022.000000	16.478059	0.069892
16022.000000	17.301752	0.065856
16022.000000	18.125446	0.062819
16022.000000	18.949139	0.060849
16022.000000	19.772833	0.060099
16022.000000	20.596527	0.060651
16347.000000	-19.105505	0.048165
16347.000000	-18.281811	0.050240
16347.000000	-17.458118	0.053323
16347.000000	-16.634424	0.057331
16347.000000	-15.810730	0.061964
16347.000000	-14.987037	0.067000
16347.000000	-14.163343	0.072199
16347.000000	-13.339650	0.077195
16347.000000	-12.515956	0.082089
16347.000000	-11.692262	0.086825
16347.000000	-10.868569	0.091588
16347.000000	-10.044875	0.096854
16347.000000	-9.221182	0.102663
16347.000000	-8.397488	0.109165
16347.000000	-7.573794	0.116364
16347.000000	-6.750101	0.124353
16347.000000	-5.926407	0.133219
16347.000000	-5.102714	0.143125
16347.000000	-4.279020	0.154420
16347.000000	-3.455326	0.167813
16347.000000	-2.631633	0.185110
16347.000000	3.298961	0.174586
16347.000000	4.122655	0.161180
16347.000000	4.946348	0.149965
16347.000000	5.770042	0.140129
16347.000000	6.593735	0.131303
16347.000000	7.417429	0.123339
16347.000000	8.241123	0.116140
16347.000000	9.064816	0.109631
16347.000000	9.888510	0.103812
16347.000000	10.712203	0.098574
16347.000000	11.535897	0.093936
16347.000000	12.359591	0.089282
16347.000000	13.183284	0.084550
16347.000000	14.006978	0.079659
16347.000000	14.830671	0.074450
16347.000000	15.654365	0.069385
16347.000000	16.478059	0.064652
16347.000000	17.301752	0.060611
16347.000000	18.125446	0.057533
16347.000000	18.949139	0.055484
16347.000000	19.772833	0.054612
16347.000000	20.596527	0.054986
16672.000000	-19.105505	0.046826
16672.000000	-18.281811	0.045478
16672.000000	-17.458118	0.048524
16672.000000	-16.634424	0.052539
16672.000000	-15.810730	0.057155
16672.000000	-14.987037	0.062160
16672.000000	-14.163343	0.067322
16672.000000	-13.339650	0.072288
16672.000000	-12.515956	0.077158
16672.000000	-11.692262	0.081879
16672.000000	-10.868569	0.086622
16672.000000	-10.044875	0.091849
16672.000000	-9.221182	0.097600
16672.000000	-8.397488	0.104022
16672.000000	-7.573794	0.111116
16672.000000	-6.750101	0.118973
16672.000000	-5.926407	0.127676
16672.000000	-5.102714	0.137379
16672.000000	-4.279020	0.148418
16672.000000	-3.455326	0.161471
16672.000000	-2.631633	0.178274
16672.000000	3.298961	0.168023
16672.000000	4.122655	0.154958
16672.000000	4.946348	0.143997
16672.000000	5.770042	0.134361
16672.000000	6.593735	0.125696
16672.000000	7.417429	0.117862
16672.000000	8.241123	0.110767
16672.000000	9.064816	0.104338
16672.000000	9.888510	0.098576
16672.000000	10.712203	0.093376
16672.000000	11.535897	0.088755
16672.000000	12.359591	0.084112
16672.000000	13.183284	0.079398
16672.000000	14.006978	0.074533
16672.000000	14.830671	0.069360
16672.000000	15.654365	0.064329
16672.000000	16.478059	0.059616
16672.000000	17.301752	0.055568
16672.000000	18.125446	0.052451
16672.000000	18.949139	0.050325
16672.000000	19.772833	0.049335
16672.000000	20.596527	0.049909
16997.000000	-19.105505	0.046812
16997.000000	-18.281811	0.045452
16997.000000	-17.458118	0.044306
16997.000000	-16.634424	0.047926
16997.000000	-15.810730	0.052526
16997.000000	-14.987037	0.057500
16997.000000	-14.163343	0.062628
16997.000000	-13.339650	0.067565
16997.000000	-12.515956	0.072412
16997.000000	-11.692262	0.077118
16997.000000	-10.868569	0.081842
16997.000000	-10.044875	0.087033
16997.000000	-9.221182	0.092728
16997.000000	-8.397488	0.099073
16997.000000	-7.573794	0.106067
16997.000000	-6.750101	0.113797
16997.000000	-5.926407	0.122343
16997.000000	-5.102714	0.131851
16997.000000	-4.279020	0.142643
16997.000000	-3.455326	0.155369
16997.000000	-2.631633	0.171699
16997.000000	3.298961	0.161713
16997.000000	4.122655	0.148976
16997.000000	4.946348	0.138258
16997.000000	5.770042	0.128815
16997.000000	6.593735	0.120305
16997.000000	7.417429	0.112597
16997.000000	8.241123	0.105601
16997.000000	9.064816	0.099249
16997.000000	9.888510	0.093542
16997.000000	10.712203	0.088377
16997.000000	11.535897	0.083772
16997.000000	12.359591	0.079140
16997.000000	13.183284	0.074442
16997.000000	14.006978	0.069604
16997.000000	14.830671	0.064464
16997.000000	15.654365	0.059465
16997.000000	16.478059	0.054771
16997.000000	17.301752	0.050718
16997.000000	18.125446	0.047561
16997.000000	18.949139	0.046538
16997.000000	19.772833	0.048058
16997.000000	20.596527	0.049975
17322.000000	-19.105505	0.046772
17322.000000	-18.281811	0.045433
17322.000000	-17.458118	0.044277
17322.000000	-16.634424	0.043481
17322.000000	-15.810730	0.048066
17322.000000	-14.987037	0.053010
17322.000000	-14.163343	0.058106
17322.000000	-13.339650	0.063015
17322.000000	-12.515956	0.067841
17322.000000	-11.692262	0.072534
17322.000000	-10.868569	0.077239
17322.000000	-10.044875	0.082395
17322.000000	-9.221182	0.088037
17322.000000	-8.397488	0.094307
17322.000000	-7.573794	0.101205
17322.000000	-6.750101	0.108813
17322.000000	-5.926407	0.117208
17322.000000	-5.102714	0.126529
17322.000000	-4.279020	0.137083
17322.000000	-3.455326	0.149495
17322.000000	-2.631633	0.165369
17322.000000	3.298961	0.155640
17322.000000	4.122655	0.143219
17322.000000	4.946348	0.132737
17322.000000	5.770042	0.123478
17322.000000	6.593735	0.115118
17322.000000	7.417429	0.107530
17322.000000	8.241123	0.100630
17322.000000	9.064816	0.094352
17322.000000	9.888510	0.088698
17322.000000	10.712203	0.083567
17322.000000	11.535897	0.078977
17322.000000	12.359591	0.074355
17322.000000	13.183284	0.069674
17322.000000	14.006978	0.064859
17322.000000	14.830671	0.059752
17322.000000	15.654365	0.054783
17322.000000	16.478059	0.050107
17322.000000	17.301752	0.046047
17322.000000	18.125446	0.045199
17322.000000	18.949139	0.046498
17322.000000	19.772833	0.048111
17322.000000	20.596527	0.049614
17647.000000	-19.105505	0.046794
17647.000000	-18.281811	0.045400
17647.000000	-17.458118	0.044251
17647.000000	-16.634424	0.043279
17647.000000	-15.810730	0.043766
17647.000000	-14.987037	0.048682
17647.000000	-14.163343	0.053747
17647.000000	-13.339650	0.058630
17647.000000	-12.515956	0.063435
17647.000000	-11.692262	0.068115
17647.000000	-10.868569	0.072803
17647.000000	-10.044875	0.077925
17647.000000	-9.221182	0.083516
17647.000000	-8.397488	0.089715
17647.000000	-7.573794	0.096520
17647.000000	-6.750101	0.104011
17647.000000	-5.926407	0.112260
17647.000000	-5.102714	0.121401
17647.000000	-4.279020	0.131727
17647.000000	-3.455326	0.143837
17647.000000	-2.631633	0.159272
17647.000000	3.298961	0.149792
17647.000000	4.122655	0.137675
17647.000000	4.946348	0.127420
17647.000000	5.770042	0.118339
17647.000000	6.593735	0.110123
17647.000000	7.417429	0.102651
17647.000000	8.241123	0.095843
17647.000000	9.064816	0.089637
17647.000000	9.888510	0.084034
17647.000000	10.712203	0.078935
17647.000000	11.535897	0.074359
17647.000000	12.359591	0.069747
17647.000000	13.183284	0.065081
17647.000000	14.006978	0.060290
17647.000000	14.830671	0.055213
17647.000000	15.654365	0.050273
17647.000000	16.478059	0.045614
17647.000000	17.301752	0.044054
17647.000000	18.125446	0.045165
17647.000000	18.949139	0.046517
17647.000000	19.772833	0.047909
17647.000000	20.596527	0.048997
17972.000000	-19.105505	0.046641
17972.000000	-18.281811	0.045392
17972.000000	-17.458118	0.044222
17972.000000	-16.634424	0.043249
17972.000000	-15.810730	0.042432
17972.000000	-14.987037	0.044507
17972.000000	-14.163343	0.049542
17972.000000	-13.339650	0.054400
17972.000000	-12.515956	0.059186
17972.000000	-11.692262	0.063853
17972.000000	-10.868569	0.068525
17972.000000	-10.044875	0.073615
17972.000000	-9.221182	0.079157
17972.000000	-8.397488	0.085287
17972.000000	-7.573794	0.092002
17972.000000	-6.750101	0.099381
17972.000000	-5.926407	0.107491
17972.000000	-5.102714	0.116458
17972.000000	-4.279020	0.126564
17972.000000	-3.455326	0.138382
17972.000000	-2.631633	0.153394
17972.000000	3.298961	0.144157
17972.000000	4.122655	0.132333
17972.000000	4.946348	0.122296
17972.000000	5.770042	0.113387
17972.000000	6.593735	0.105309
17972.000000	7.417429	0.097949
17972.000000	8.241123	0.091231
17972.000000	9.064816	0.085093
17972.000000	9.888510	0.079539
17972.000000	10.712203	0.074472
17972.000000	11.535897	0.069910
17972.000000	12.359591	0.065306
17972.000000	13.183284	0.060654
17972.000000	14.006978	0.055886
17972.000000	14.830671	0.050838
17972.000000	15.654365	0.045926
17972.000000	16.478059	0.043083
17972.000000	17.301752	0.044022
17972.000000	18.125446	0.045157
17972.000000	18.949139	0.046415
17972.000000	19.772833	0.047411
17972.000000	20.596527	0.048391
18297.000000	-19.105505	0.046073
18297.000000	-18.281811	0.045307
18297.000000	-17.458118	0.044197
18297.000000	-16.634424	0.043219
18297.000000	-15.810730	0.042399
18297.000000	-14.987037	0.041678
18297.000000	-14.163343	0.045483
18297.000000	-13.339650	0.050317
18297.000000	-12.515956	0.055085
18297.000000	-11.692262	0.059741
18297.000000	-10.868569	0.064397
18297.000000	-10.044875	0.069456
18297.000000	-9.221182	0.074950
18297.000000	-8.397488	0.081014
18297.000000	-7.573794	0.087644
18297.000000	-6.750101	0.094914
18297.000000	-5.926407	0.102889
18297.000000	-5.102714	0.111689
18297.000000	-4.279020	0.121583
18297.000000	-3.455326	0.133120
18297.000000	-2.631633	0.147724
18297.000000	3.298961	0.138722
18297.000000	4.122655	0.127182
18297.000000	4.946348	0.117356
18297.000000	5.770042	0.108613
18297.000000	6.593735	0.100668
18297.000000	7.417429	0.093416
18297.000000	8.241123	0.086783
18297.000000	9.064816	0.080712
18297.000000	9.888510	0.075205
18297.000000	10.712203	0.070168
18297.000000	11.535897	0.065619
18297.000000	12.359591	0.061024
18297.000000	13.183284	0.056386
18297.000000	14.006978	0.051638
18297.000000	14.830671	0.046619
18297.000000	15.654365	0.042257
18297.000000	16.478059	0.043053
18297.000000	17.301752	0.043997
18297.000000	18.125446	0.045105
18297.000000	18.949139	0.045954
18297.000000	19.772833	0.046723
18297.000000	20.596527	0.048046
18622.000000	-19.105505	0.045429
18622.000000	-18.281811	0.044711
18622.000000	-17.458118	0.044084
18622.000000	-16.634424	0.043190
18622.000000	-15.810730	0.042367
18622.000000	-14.987037	0.041643
18622.000000	-14.163343	0.041564
18622.000000	-13.339650	0.046374
18622.000000	-12.515956	0.051124
18622.000000	-11.692262	0.055769
18622.000000	-10.868569	0.060411
18622.000000	-10.044875	0.065440
18622.000000	-9.221182	0.070889
18622.000000	-8.397488	0.076889
18622.000000	-7.573794	0.083436
18622.000000	-6.750101	0.090602
18622.000000	-5.926407	0.098446
18622.000000	-5.102714	0.107085
18622.000000	-4.279020	0.116774
18622.000000	-3.455326	0.128040
18622.000000	-2.631633	0.142252
18622.000000	3.298961	0.133478
18622.000000	4.122655	0.122212
18622.000000	4.946348	0.112589
18622.000000	5.770042	0.104006
18622.000000	6.593735	0.096190
18622.000000	7.417429	0.089042
18622.000000	8.241123	0.082492
18622.000000	9.064816	0.076484
18622.000000	9.888510	0.071023
18622.000000	10.712203	0.066015
18622.000000	11.535897	0.061478
18622.000000	12.359591	0.056891
18622.000000	13.183284	0.052266
18622.000000	14.006978	0.047539
18622.000000	14.830671	0.042547
18622.000000	15.654365	0.042224
18622.000000	16.478059	0.043023
18622.000000	17.301752	0.043925
18622.000000	18.125446	0.044607
18622.000000	18.949139	0.045267
18622.000000	19.772833	0.046229
18622.000000	20.596527	0.047810
18947.000000	-19.105505	0.044935
18947.000000	-18.281811	0.044072
18947.000000	-17.458118	0.043430
18947.000000	-16.634424	0.042875
18947.000000	-15.810730	0.042312
18947.000000	-14.987037	0.041612
18947.000000	-14.163343	0.040886
18947.000000	-13.339650	0.042566
18947.000000	-12.515956	0.047297
18947.000000	-11.692262	0.051932
18947.000000	-10.868569	0.056559
18947.000000	-10.044875	0.061560
18947.000000	-9.221182	0.066966
18947.000000	-8.397488	0.072904
18947.000000	-7.573794	0.079371
18947.000000	-6.750101	0.086436
18947.000000	-5.926407	0.094155
18947.000000	-5.102714	0.102638
18947.000000	-4.279020	0.112130
18947.000000	-3.455326	0.123134
18947.000000	-2.631633	0.136966
18947.000000	3.298961	0.128415
18947.000000	4.122655	0.117413
18947.000000	4.946348	0.107986
18947.000000	5.770042	0.099558
18947.000000	6.593735	0.091867
18947.000000	7.417429	0.084819
18947.000000	8.241123	0.078349
18947.000000	9.064816	0.072403
18947.000000	9.888510	0.066985
18947.000000	10.712203	0.062005
18947.000000	11.535897	0.057480
18947.000000	12.359591	0.052901
18947.000000	13.183284	0.048291
18947.000000	14.006978	0.043577
18947.000000	14.830671	0.041472
18947.000000	15.654365	0.042190
18947.000000	16.478059	0.042774
18947.000000	17.301752	0.043320
18947.000000	18.125446	0.043938
18947.000000	18.949139	0.044752
18947.000000	19.772833	0.045816
18947.000000	20.596527	0.047664
19272.000000	-19.105505	0.044509
19272.000000	-18.281811	0.043547
19272.000000	-17.458118	0.042824
19272.000000	-16.634424	0.042225
19272.000000	-15.810730	0.041684
19272.000000	-14.987037	0.041166
19272.000000	-14.163343	0.040724
19272.000000	-13.339650	0.040137
19272.000000	-12.515956	0.043594
19272.000000	-11.692262	0.048219
19272.000000	-10.868569	0.052838
19272.000000	-10.044875	0.057809
19272.000000	-9.221182	0.063172
19272.000000	-8.397488	0.069052
19272.000000	-7.573794	0.075442
19272.000000	-6.750101	0.082409
19272.000000	-5.926407	0.090007
19272.000000	-5.102714	0.098340
19272.000000	-4.279020	0.107641
19272.000000	-3.455326	0.118393
19272.000000	-2.631633	0.131858
19272.000000	3.298961	0.123523
19272.000000	4.122655	0.112776
19272.000000	4.946348	0.103540
19272.000000	5.770042	0.095261
19272.000000	6.593735	0.087690
19272.000000	7.417429	0.080740
19272.000000	8.241123	0.074347
19272.000000	9.064816	0.068459
19272.000000	9.888510	0.063083
19272.000000	10.712203	0.058133
19272.000000	11.535897	0.053616
19272.000000	12.359591	0.049038
19272.000000	13.183284	0.044470
19272.000000	14.006978	0.040634
19272.000000	14.830671	0.041076
19272.000000	15.654365	0.041583
19272.000000	16.478059	0.042119
19272.000000	17.301752	0.042703
19272.000000	18.125446	0.043396
19272.000000	18.949139	0.044304
19272.000000	19.772833	0.045521
19272.000000	20.596527	0.047396
19597.000000	-19.105505	0.044141
19597.000000	-18.281811	0.043100
19597.000000	-17.458118	0.042294
19597.000000	-16.634424	0.041641
19597.000000	-15.810730	0.041068
19597.000000	-14.987037	0.040547
19597.000000	-14.163343	0.040048
19597.000000	-13.339650	0.039690
19597.000000	-12.515956	0.039997
19597.000000	-11.692262	0.044649
19597.000000	-10.868569	0.049223
19597.000000	-10.044875	0.054184
19597.000000	-9.221182	0.059506
19597.000000	-8.397488	0.065325
19597.000000	-7.573794	0.071642
19597.000000	-6.750101	0.078515
19597.000000	-5.926407	0.085996
19597.000000	-5.102714	0.094183
19597.000000	-4.279020	0.103301
19597.000000	-3.455326	0.113808
19597.000000	-2.631633	0.126919
19597.000000	3.298961	0.118795
19597.000000	4.122655	0.108295
19597.000000	4.946348	0.099242
19597.000000	5.770042	0.091107
19597.000000	6.593735	0.083653
19597.000000	7.417429	0.076797
19597.000000	8.241123	0.070476
19597.000000	9.064816	0.064649
19597.000000	9.888510	0.059316
19597.000000	10.712203	0.054375
19597.000000	11.535897	0.049889
19597.000000	12.359591	0.045327
19597.000000	13.183284	0.040424
19597.000000	14.006978	0.039964
19597.000000	14.830671	0.040450
19597.000000	15.654365	0.040966
19597.000000	16.478059	0.041528
19597.000000	17.301752	0.042161
19597.000000	18.125446	0.042932
19597.000000	18.949139	0.043916
19597.000000	19.772833	0.045329
19597.000000	20.596527	0.046992
19922.000000	-19.105505	0.043828
19922.000000	-18.281811	0.042716
19922.000000	-17.458118	0.041829
19922.000000	-16.634424	0.041123
19922.000000	-15.810730	0.040514
19922.000000	-14.987037	0.039967
19922.000000	-14.163343	0.039474
19922.000000	-13.339650	0.039045
19922.000000	-12.515956	0.038686
19922.000000	-11.692262	0.041068
19922.000000	-10.868569	0.045812
19922.000000	-10.044875	0.050659
19922.000000	-9.221182	0.055943
19922.000000	-8.397488	0.061728
19922.000000	-7.573794	0.067965
19922.000000	-6.750101	0.074745
19922.000000	-5.926407	0.082115
19922.000000	-5.102714	0.090162
19922.000000	-4.279020	0.099101
19922.000000	-3.455326	0.109372
19922.000000	-2.631633	0.122141
19922.000000	3.298961	0.114221
19922.000000	4.122655	0.103960
19922.000000	4.946348	0.095085
19922.000000	5.770042	0.087090
19922.000000	6.593735	0.079747
19922.000000	7.417429	0.072982
19922.000000	8.241123	0.066743
19922.000000	9.064816	0.060955
19922.000000	9.888510	0.055646
19922.000000	10.712203	0.050822
19922.000000	11.535897	0.046240
19922.000000	12.359591	0.041222
19922.000000	13.183284	0.038972
19922.000000	14.006978	0.039387
19922.000000	14.830671	0.039870
19922.000000	15.654365	0.040406
19922.000000	16.478059	0.041001
19922.000000	17.301752	0.041684
19922.000000	18.125446	0.042532
19922.000000	18.949139	0.043585
19922.000000	19.772833	0.045200
19922.000000	20.596527	0.046606
