Plot Name 
Original mesh grid size: 60 rows, 45 columns
x	y	z
747.000000	-19.105505	93.620055
747.000000	-18.281811	93.603484
747.000000	-17.458118	93.561336
747.000000	-16.634424	93.494687
747.000000	-15.810730	93.409885
747.000000	-14.987037	93.316128
747.000000	-14.163343	93.228011
747.000000	-13.339650	93.157128
747.000000	-12.515956	93.107201
747.000000	-11.692262	93.082365
747.000000	-10.868569	93.066615
747.000000	-10.044875	93.045252
747.000000	-9.221182	93.016825
747.000000	-8.397488	92.978540
747.000000	-7.573794	92.930237
747.000000	-6.750101	92.869723
747.000000	-5.926407	92.794538
747.000000	-5.102714	92.699973
747.000000	-4.279020	92.575739
747.000000	-3.455326	92.399363
747.000000	-2.631633	92.112437
747.000000	-1.807939	91.534802
747.000000	2.145790	90.264799
747.000000	2.969484	90.000000
747.000000	3.793177	90.000000
747.000000	4.616871	90.000000
747.000000	5.440564	90.000000
747.000000	6.264258	90.000000
747.000000	7.087952	90.000000
747.000000	7.911645	90.000000
747.000000	8.735339	90.000000
747.000000	9.559032	90.000000
747.000000	10.382726	90.000000
747.000000	11.206420	90.000000
747.000000	12.030113	90.000000
747.000000	12.853807	90.000000
747.000000	13.677500	90.000000
747.000000	14.501194	90.000000
747.000000	15.324888	90.000000
747.000000	16.148581	90.000000
747.000000	16.972275	90.000000
747.000000	17.795968	90.000000
747.000000	18.619662	90.000000
747.000000	19.443355	90.000000
747.000000	20.267049	90.000000
1072.000000	-19.105505	94.378199
1072.000000	-18.281811	94.424102
1072.000000	-17.458118	94.440827
1072.000000	-16.634424	94.430694
1072.000000	-15.810730	94.401823
1072.000000	-14.987037	94.364809
1072.000000	-14.163343	94.335094
1072.000000	-13.339650	94.324485
1072.000000	-12.515956	94.335495
1072.000000	-11.692262	94.371241
1072.000000	-10.868569	94.415254
1072.000000	-10.044875	94.452778
1072.000000	-9.221182	94.483038
1072.000000	-8.397488	94.504029
1072.000000	-7.573794	94.516612
1072.000000	-6.750101	94.519884
1072.000000	-5.926407	94.513036
1072.000000	-5.102714	94.493672
1072.000000	-4.279020	94.455244
1072.000000	-3.455326	94.382266
1072.000000	-2.631633	94.232574
1072.000000	-1.807939	93.873884
1072.000000	2.145790	93.261779
1072.000000	2.969484	93.126138
1072.000000	3.793177	92.861906
1072.000000	4.616871	92.566444
1072.000000	5.440564	92.279116
1072.000000	6.264258	92.013174
1072.000000	7.087952	91.768948
1072.000000	7.911645	91.544429
1072.000000	8.735339	91.331756
1072.000000	9.559032	91.123864
1072.000000	10.382726	90.917101
1072.000000	11.206420	90.701864
1072.000000	12.030113	90.505878
1072.000000	12.853807	90.347667
1072.000000	13.677500	90.264292
1072.000000	14.501194	90.238396
1072.000000	15.324888	90.253859
1072.000000	16.148581	90.281220
1072.000000	16.972275	90.272097
1072.000000	17.795968	90.202431
1072.000000	18.619662	90.057492
1072.000000	19.443355	90.000000
1072.000000	20.267049	90.000000
1397.000000	-19.105505	95.004857
1397.000000	-18.281811	95.085611
1397.000000	-17.458118	95.135214
1397.000000	-16.634424	95.156885
1397.000000	-15.810730	95.159509
1397.000000	-14.987037	95.153966
1397.000000	-14.163343	95.155332
1397.000000	-13.339650	95.174817
1397.000000	-12.515956	95.214099
1397.000000	-11.692262	95.275559
1397.000000	-10.868569	95.343427
1397.000000	-10.044875	95.403843
1397.000000	-9.221182	95.456499
1397.000000	-8.397488	95.499949
1397.000000	-7.573794	95.535518
1397.000000	-6.750101	95.562953
1397.000000	-5.926407	95.582205
1397.000000	-5.102714	95.591972
1397.000000	-4.279020	95.587604
1397.000000	-3.455326	95.557383
1397.000000	-2.631633	95.468402
1397.000000	-1.807939	95.216506
1397.000000	2.145790	94.866135
1397.000000	2.969484	94.799622
1397.000000	3.793177	94.631981
1397.000000	4.616871	94.435825
1397.000000	5.440564	94.239199
1397.000000	6.264258	94.051054
1397.000000	7.087952	93.871415
1397.000000	7.911645	93.698891
1397.000000	8.735339	93.528188
1397.000000	9.559032	93.354546
1397.000000	10.382726	93.175438
1397.000000	11.206420	92.984153
1397.000000	12.030113	92.800556
1397.000000	12.853807	92.641647
1397.000000	13.677500	92.537683
1397.000000	14.501194	92.475807
1397.000000	15.324888	92.444950
1397.000000	16.148581	92.422053
1397.000000	16.972275	92.368575
1397.000000	17.795968	92.264378
1397.000000	18.619662	92.096336
1397.000000	19.443355	91.848741
1397.000000	20.267049	91.501715
1722.000000	-19.105505	95.520219
1722.000000	-18.281811	95.620250
1722.000000	-17.458118	95.688310
1722.000000	-16.634424	95.728225
1722.000000	-15.810730	95.749129
1722.000000	-14.987037	95.761734
1722.000000	-14.163343	95.780368
1722.000000	-13.339650	95.815474
1722.000000	-12.515956	95.868196
1722.000000	-11.692262	95.940421
1722.000000	-10.868569	96.017416
1722.000000	-10.044875	96.086426
1722.000000	-9.221182	96.147455
1722.000000	-8.397488	96.199455
1722.000000	-7.573794	96.243964
1722.000000	-6.750101	96.281093
1722.000000	-5.926407	96.311183
1722.000000	-5.102714	96.333529
1722.000000	-4.279020	96.344612
1722.000000	-3.455326	96.335071
1722.000000	-2.631633	96.278010
1722.000000	-1.807939	96.087814
1722.000000	2.145790	95.865858
1722.000000	2.969484	95.829851
1722.000000	3.793177	95.710785
1722.000000	4.616871	95.566513
1722.000000	5.440564	95.418795
1722.000000	6.264258	95.274332
1722.000000	7.087952	95.133014
1722.000000	7.911645	94.993716
1722.000000	8.735339	94.852394
1722.000000	9.559032	94.705394
1722.000000	10.382726	94.550674
1722.000000	11.206420	94.382980
1722.000000	12.030113	94.217585
1722.000000	12.853807	94.069580
1722.000000	13.677500	93.964387
1722.000000	14.501194	93.891707
1722.000000	15.324888	93.843206
1722.000000	16.148581	93.799896
1722.000000	16.972275	93.729712
1722.000000	17.795968	93.615344
1722.000000	18.619662	93.445037
1722.000000	19.443355	93.204452
1722.000000	20.267049	92.874848
2047.000000	-19.105505	95.947703
2047.000000	-18.281811	96.058013
2047.000000	-17.458118	96.136267
2047.000000	-16.634424	96.186682
2047.000000	-15.810730	96.218374
2047.000000	-14.987037	96.241699
2047.000000	-14.163343	96.270144
2047.000000	-13.339650	96.313399
2047.000000	-12.515956	96.372260
2047.000000	-11.692262	96.448277
2047.000000	-10.868569	96.527797
2047.000000	-10.044875	96.599131
2047.000000	-9.221182	96.662495
2047.000000	-8.397488	96.717125
2047.000000	-7.573794	96.764649
2047.000000	-6.750101	96.805386
2047.000000	-5.926407	96.839893
2047.000000	-5.102714	96.867819
2047.000000	-4.279020	96.886389
2047.000000	-3.455326	96.887853
2047.000000	-2.631633	96.849538
2047.000000	-1.807939	96.698978
2047.000000	2.145790	96.548642
2047.000000	2.969484	96.527991
2047.000000	3.793177	96.437109
2047.000000	4.616871	96.323976
2047.000000	5.440564	96.206319
2047.000000	6.264258	96.089462
2047.000000	7.087952	95.973219
2047.000000	7.911645	95.856618
2047.000000	8.735339	95.736356
2047.000000	9.559032	95.609424
2047.000000	10.382726	95.474059
2047.000000	11.206420	95.325887
2047.000000	12.030113	95.177217
2047.000000	12.853807	95.041439
2047.000000	13.677500	94.940422
2047.000000	14.501194	94.865534
2047.000000	15.324888	94.810116
2047.000000	16.148581	94.757998
2047.000000	16.972275	94.681671
2047.000000	17.795968	94.565913
2047.000000	18.619662	94.400064
2047.000000	19.443355	94.170925
2047.000000	20.267049	93.860862
2372.000000	-19.105505	96.306449
2372.000000	-18.281811	96.421702
2372.000000	-17.458118	96.505264
2372.000000	-16.634424	96.561591
2372.000000	-15.810730	96.599643
2372.000000	-14.987037	96.629344
2372.000000	-14.163343	96.663358
2372.000000	-13.339650	96.710682
2372.000000	-12.515956	96.771881
2372.000000	-11.692262	96.848265
2372.000000	-10.868569	96.927199
2372.000000	-10.044875	96.997958
2372.000000	-9.221182	97.060899
2372.000000	-8.397488	97.115465
2372.000000	-7.573794	97.163307
2372.000000	-6.750101	97.204871
2372.000000	-5.926407	97.240830
2372.000000	-5.102714	97.271060
2372.000000	-4.279020	97.293305
2372.000000	-3.455326	97.300988
2372.000000	-2.631633	97.274567
2372.000000	-1.807939	97.151384
2372.000000	2.145790	97.044611
2372.000000	2.969484	97.032352
2372.000000	3.793177	96.959452
2372.000000	4.616871	96.866797
2372.000000	5.440564	96.769303
2372.000000	6.264258	96.671355
2372.000000	7.087952	96.572727
2372.000000	7.911645	96.472545
2372.000000	8.735339	96.367998
2372.000000	9.559032	96.256506
2372.000000	10.382726	96.136494
2372.000000	11.206420	96.004183
2372.000000	12.030113	95.869834
2372.000000	12.853807	95.745401
2372.000000	13.677500	95.650048
2372.000000	14.501194	95.576321
2372.000000	15.324888	95.518685
2372.000000	16.148581	95.463037
2372.000000	16.972275	95.385253
2372.000000	17.795968	95.271719
2372.000000	18.619662	95.112657
2372.000000	19.443355	94.895820
2372.000000	20.267049	94.604577
2697.000000	-19.105505	96.611066
2697.000000	-18.281811	96.728030
2697.000000	-17.458118	96.813939
2697.000000	-16.634424	96.873380
2697.000000	-15.810730	96.915081
2697.000000	-14.987037	96.948521
2697.000000	-14.163343	96.985589
2697.000000	-13.339650	97.034664
2697.000000	-12.515956	97.096150
2697.000000	-11.692262	97.171182
2697.000000	-10.868569	97.248048
2697.000000	-10.044875	97.316876
2697.000000	-9.221182	97.378116
2697.000000	-8.397488	97.431364
2697.000000	-7.573794	97.478258
2697.000000	-6.750101	97.519320
2697.000000	-5.926407	97.555288
2697.000000	-5.102714	97.586187
2697.000000	-4.279020	97.610143
2697.000000	-3.455326	97.621468
2697.000000	-2.631633	97.603034
2697.000000	-1.807939	97.499784
2697.000000	2.145790	97.421221
2697.000000	2.969484	97.413791
2697.000000	3.793177	97.353166
2697.000000	4.616871	97.274880
2697.000000	5.440564	97.191769
2697.000000	6.264258	97.107542
2697.000000	7.087952	97.021944
2697.000000	7.911645	96.934175
2697.000000	8.735339	96.841777
2697.000000	9.559032	96.742478
2697.000000	10.382726	96.634841
2697.000000	11.206420	96.515524
2697.000000	12.030113	96.393295
2697.000000	12.853807	96.278909
2697.000000	13.677500	96.189406
2697.000000	14.501194	96.118218
2697.000000	15.324888	96.060604
2697.000000	16.148581	96.004051
2697.000000	16.972275	95.927055
2697.000000	17.795968	95.817283
2697.000000	18.619662	95.665688
2697.000000	19.443355	95.460829
2697.000000	20.267049	95.186977
3022.000000	-19.105505	96.872562
3022.000000	-18.281811	96.989259
3022.000000	-17.458118	97.075689
3022.000000	-16.634424	97.136497
3022.000000	-15.810730	97.180147
3022.000000	-14.987037	97.215674
3022.000000	-14.163343	97.254261
3022.000000	-13.339650	97.303735
3022.000000	-12.515956	97.364385
3022.000000	-11.692262	97.437213
3022.000000	-10.868569	97.511337
3022.000000	-10.044875	97.577627
3022.000000	-9.221182	97.636599
3022.000000	-8.397488	97.687962
3022.000000	-7.573794	97.733323
3022.000000	-6.750101	97.773248
3022.000000	-5.926407	97.808508
3022.000000	-5.102714	97.839229
3022.000000	-4.279020	97.863831
3022.000000	-3.455326	97.877323
3022.000000	-2.631633	97.864493
3022.000000	-1.807939	97.776345
3022.000000	2.145790	97.716934
3022.000000	2.969484	97.712369
3022.000000	3.793177	97.660558
3022.000000	4.616871	97.592849
3022.000000	5.440564	97.520480
3022.000000	6.264258	97.446644
3022.000000	7.087952	97.371070
3022.000000	7.911645	97.293012
3022.000000	8.735339	97.210278
3022.000000	9.559032	97.120834
3022.000000	10.382726	97.023350
3022.000000	11.206420	96.914823
3022.000000	12.030113	96.802886
3022.000000	12.853807	96.697292
3022.000000	13.677500	96.613369
3022.000000	14.501194	96.545239
3022.000000	15.324888	96.488758
3022.000000	16.148581	96.432669
3022.000000	16.972275	96.357566
3022.000000	17.795968	96.252160
3022.000000	18.619662	96.108025
3022.000000	19.443355	95.914415
3022.000000	20.267049	95.656416
3347.000000	-19.105505	97.099276
3347.000000	-18.281811	97.214492
3347.000000	-17.458118	97.300308
3347.000000	-16.634424	97.361379
3347.000000	-15.810730	97.405886
3347.000000	-14.987037	97.442445
3347.000000	-14.163343	97.481593
3347.000000	-13.339650	97.530666
3347.000000	-12.515956	97.589871
3347.000000	-11.692262	97.660103
3347.000000	-10.868569	97.731221
3347.000000	-10.044875	97.794748
3347.000000	-9.221182	97.851241
3347.000000	-8.397488	97.900497
3347.000000	-7.573794	97.944079
3347.000000	-6.750101	97.982580
3347.000000	-5.926407	98.016781
3347.000000	-5.102714	98.046885
3347.000000	-4.279020	98.071539
3347.000000	-3.455326	98.086313
3347.000000	-2.631633	98.077555
3347.000000	-1.807939	98.001210
3347.000000	2.145790	97.955287
3347.000000	2.969484	97.952442
3347.000000	3.793177	97.907213
3347.000000	4.616871	97.847584
3347.000000	5.440564	97.783524
3347.000000	6.264258	97.717824
3347.000000	7.087952	97.650196
3347.000000	7.911645	97.579942
3347.000000	8.735339	97.505079
3347.000000	9.559032	97.423758
3347.000000	10.382726	97.334743
3347.000000	11.206420	97.235298
3347.000000	12.030113	97.132169
3347.000000	12.853807	97.034263
3347.000000	13.677500	96.955501
3347.000000	14.501194	96.890558
3347.000000	15.324888	96.835753
3347.000000	16.148581	96.780854
3347.000000	16.972275	96.708169
3347.000000	17.795968	96.607287
3347.000000	18.619662	96.470311
3347.000000	19.443355	96.287110
3347.000000	20.267049	96.043502
3672.000000	-19.105505	97.297591
3672.000000	-18.281811	97.410587
3672.000000	-17.458118	97.495087
3672.000000	-16.634424	97.555716
3672.000000	-15.810730	97.600373
3672.000000	-14.987037	97.637278
3672.000000	-14.163343	97.676382
3672.000000	-13.339650	97.724583
3672.000000	-12.515956	97.782025
3672.000000	-11.692262	97.849520
3672.000000	-10.868569	97.917585
3672.000000	-10.044875	97.978319
3672.000000	-9.221182	98.032304
3672.000000	-8.397488	98.079404
3672.000000	-7.573794	98.121137
3672.000000	-6.750101	98.158106
3672.000000	-5.926407	98.191095
3672.000000	-5.102714	98.220357
3672.000000	-4.279020	98.244727
3672.000000	-3.455326	98.260236
3672.000000	-2.631633	98.254519
3672.000000	-1.807939	98.187632
3672.000000	2.145790	98.151491
3672.000000	2.969484	98.149672
3672.000000	3.793177	98.109513
3672.000000	4.616871	98.056239
3672.000000	5.440564	97.998790
3672.000000	6.264258	97.939628
3672.000000	7.087952	97.878454
3672.000000	7.911645	97.814608
3672.000000	8.735339	97.746279
3672.000000	9.559032	97.671768
3672.000000	10.382726	97.589918
3672.000000	11.206420	97.498213
3672.000000	12.030113	97.402689
3672.000000	12.853807	97.311531
3672.000000	13.677500	97.237480
3672.000000	14.501194	97.175671
3672.000000	15.324888	97.122789
3672.000000	16.148581	97.069455
3672.000000	16.972275	96.999410
3672.000000	17.795968	96.902985
3672.000000	18.619662	96.772752
3672.000000	19.443355	96.599120
3672.000000	20.267049	96.368575
3997.000000	-19.105505	97.472451
3997.000000	-18.281811	97.582794
3997.000000	-17.458118	97.665549
3997.000000	-16.634424	97.725289
3997.000000	-15.810730	97.769635
3997.000000	-14.987037	97.806436
3997.000000	-14.163343	97.845111
3997.000000	-13.339650	97.892168
3997.000000	-12.515956	97.947701
3997.000000	-11.692262	98.012454
3997.000000	-10.868569	98.077532
3997.000000	-10.044875	98.135543
3997.000000	-9.221182	98.187084
3997.000000	-8.397488	98.232072
3997.000000	-7.573794	98.271975
3997.000000	-6.750101	98.307400
3997.000000	-5.926407	98.339126
3997.000000	-5.102714	98.367442
3997.000000	-4.279020	98.391340
3997.000000	-3.455326	98.407234
3997.000000	-2.631633	98.403844
3997.000000	-1.807939	98.344693
3997.000000	2.145790	98.315814
3997.000000	2.969484	98.314589
3997.000000	3.793177	98.278436
3997.000000	4.616871	98.230280
3997.000000	5.440564	98.178209
3997.000000	6.264258	98.124416
3997.000000	7.087952	98.068588
3997.000000	7.911645	98.010099
3997.000000	8.735339	97.947279
3997.000000	9.559032	97.878558
3997.000000	10.382726	97.802847
3997.000000	11.206420	97.717812
3997.000000	12.030113	97.628912
3997.000000	12.853807	97.543706
3997.000000	13.677500	97.473936
3997.000000	14.501194	97.415124
3997.000000	15.324888	97.364250
3997.000000	16.148581	97.312660
3997.000000	16.972275	97.245308
3997.000000	17.795968	97.153170
3997.000000	18.619662	97.029226
3997.000000	19.443355	96.864371
3997.000000	20.267049	96.645703
4322.000000	-19.105505	97.627737
4322.000000	-18.281811	97.735189
4322.000000	-17.458118	97.815948
4322.000000	-16.634424	97.874518
4322.000000	-15.810730	97.918252
4322.000000	-14.987037	97.954655
4322.000000	-14.163343	97.992660
4322.000000	-13.339650	98.038423
4322.000000	-12.515956	98.092002
4322.000000	-11.692262	98.154082
4322.000000	-10.868569	98.216296
4322.000000	-10.044875	98.271703
4322.000000	-9.221182	98.320910
4322.000000	-8.397488	98.363873
4322.000000	-7.573794	98.402011
4322.000000	-6.750101	98.435931
4322.000000	-5.926407	98.466398
4322.000000	-5.102714	98.493733
4322.000000	-4.279020	98.517059
4322.000000	-3.455326	98.533112
4322.000000	-2.631633	98.531538
4322.000000	-1.807939	98.478822
4322.000000	2.145790	98.455438
4322.000000	2.969484	98.454530
4322.000000	3.793177	98.421612
4322.000000	4.616871	98.377659
4322.000000	5.440564	98.330048
4322.000000	6.264258	98.280741
4322.000000	7.087952	98.229414
4322.000000	7.911645	98.175469
4322.000000	8.735339	98.117358
4322.000000	9.559032	98.053619
4322.000000	10.382726	97.983224
4322.000000	11.206420	97.903996
4322.000000	12.030113	97.820911
4322.000000	12.853807	97.740985
4322.000000	13.677500	97.675103
4322.000000	14.501194	97.619112
4322.000000	15.324888	97.570245
4322.000000	16.148581	97.520463
4322.000000	16.972275	97.455769
4322.000000	17.795968	97.367695
4322.000000	18.619662	97.249591
4322.000000	19.443355	97.092787
4322.000000	20.267049	96.884944
4647.000000	-19.105505	97.766527
4647.000000	-18.281811	97.870978
4647.000000	-17.458118	97.949606
4647.000000	-16.634424	98.006838
4647.000000	-15.810730	98.049768
4647.000000	-14.987037	98.085579
4647.000000	-14.163343	98.122765
4647.000000	-13.339650	98.167163
4647.000000	-12.515956	98.218802
4647.000000	-11.692262	98.278318
4647.000000	-10.868569	98.337816
4647.000000	-10.044875	98.390761
4647.000000	-9.221182	98.437762
4647.000000	-8.397488	98.478807
4647.000000	-7.573794	98.515269
4647.000000	-6.750101	98.547745
4647.000000	-5.926407	98.576991
4647.000000	-5.102714	98.603349
4647.000000	-4.279020	98.626053
4647.000000	-3.455326	98.642116
4647.000000	-2.631633	98.641983
4647.000000	-1.807939	98.594700
4647.000000	2.145790	98.575541
4647.000000	2.969484	98.574772
4647.000000	3.793177	98.544511
4647.000000	4.616871	98.504066
4647.000000	5.440564	98.460210
4647.000000	6.264258	98.414708
4647.000000	7.087952	98.367222
4647.000000	7.911645	98.317182
4647.000000	8.735339	98.263142
4647.000000	9.559032	98.203736
4647.000000	10.382726	98.137988
4647.000000	11.206420	98.063860
4647.000000	12.030113	97.985917
4647.000000	12.853807	97.910702
4647.000000	13.677500	97.848352
4647.000000	14.501194	97.795000
4647.000000	15.324888	97.748088
4647.000000	16.148581	97.700114
4647.000000	16.972275	97.637991
4647.000000	17.795968	97.553745
4647.000000	18.619662	97.441053
4647.000000	19.443355	97.291642
4647.000000	20.267049	97.093691
4972.000000	-19.105505	97.891297
4972.000000	-18.281811	97.992718
4972.000000	-17.458118	98.069158
4972.000000	-16.634424	98.124956
4972.000000	-15.810730	98.166961
4972.000000	-14.987037	98.202058
4972.000000	-14.163343	98.238337
4972.000000	-13.339650	98.281348
4972.000000	-12.515956	98.331096
4972.000000	-11.692262	98.388173
4972.000000	-10.868569	98.445113
4972.000000	-10.044875	98.495743
4972.000000	-9.221182	98.540673
4972.000000	-8.397488	98.579916
4972.000000	-7.573794	98.614796
4972.000000	-6.750101	98.645904
4972.000000	-5.926407	98.673981
4972.000000	-5.102714	98.699387
4972.000000	-4.279020	98.721451
4972.000000	-3.455326	98.737426
4972.000000	-2.631633	98.738453
4972.000000	-1.807939	98.695817
4972.000000	2.145790	98.679950
4972.000000	2.969484	98.679200
4972.000000	3.793177	98.651157
4972.000000	4.616871	98.613682
4972.000000	5.440564	98.573030
4972.000000	6.264258	98.530794
4972.000000	7.087952	98.486625
4972.000000	7.911645	98.439975
4972.000000	8.735339	98.389490
4972.000000	9.559032	98.333887
4972.000000	10.382726	98.272238
4972.000000	11.206420	98.202622
4972.000000	12.030113	98.129258
4972.000000	12.853807	98.058267
4972.000000	13.677500	97.999134
4972.000000	14.501194	97.948240
4972.000000	15.324888	97.903206
4972.000000	16.148581	97.857002
4972.000000	16.972275	97.797338
4972.000000	17.795968	97.716680
4972.000000	18.619662	97.609002
4972.000000	19.443355	97.466393
4972.000000	20.267049	97.277509
5297.000000	-19.105505	98.004052
5297.000000	-18.281811	98.102470
5297.000000	-17.458118	98.176713
5297.000000	-16.634424	98.231032
5297.000000	-15.810730	98.272042
5297.000000	-14.987037	98.306350
5297.000000	-14.163343	98.341675
5297.000000	-13.339650	98.383308
5297.000000	-12.515956	98.431232
5297.000000	-11.692262	98.486002
5297.000000	-10.868569	98.540542
5297.000000	-10.044875	98.589005
5297.000000	-9.221182	98.631997
5297.000000	-8.397488	98.669550
5297.000000	-7.573794	98.702945
5297.000000	-6.750101	98.732764
5297.000000	-5.926407	98.759733
5297.000000	-5.102714	98.784224
5297.000000	-4.279020	98.805647
5297.000000	-3.455326	98.821469
5297.000000	-2.631633	98.823442
5297.000000	-1.807939	98.784829
5297.000000	2.145790	98.771553
5297.000000	2.969484	98.770743
5297.000000	3.793177	98.744574
5297.000000	4.616871	98.709645
5297.000000	5.440564	98.671756
5297.000000	6.264258	98.632353
5297.000000	7.087952	98.591077
5297.000000	7.911645	98.547400
5297.000000	8.735339	98.500048
5297.000000	9.559032	98.447809
5297.000000	10.382726	98.389800
5297.000000	11.206420	98.324206
5297.000000	12.030113	98.254943
5297.000000	12.853807	98.187760
5297.000000	13.677500	98.131564
5297.000000	14.501194	98.082954
5297.000000	15.324888	98.039710
5297.000000	16.148581	97.995215
5297.000000	16.972275	97.937889
5297.000000	17.795968	97.860589
5297.000000	18.619662	97.757559
5297.000000	19.443355	97.621221
5297.000000	20.267049	97.440671
5622.000000	-19.105505	98.106437
5622.000000	-18.281811	98.201913
5622.000000	-17.458118	98.273985
5622.000000	-16.634424	98.326813
5622.000000	-15.810730	98.366791
5622.000000	-14.987037	98.400267
5622.000000	-14.163343	98.434620
5622.000000	-13.339650	98.474902
5622.000000	-12.515956	98.521080
5622.000000	-11.692262	98.573676
5622.000000	-10.868569	98.625967
5622.000000	-10.044875	98.672403
5622.000000	-9.221182	98.713583
5622.000000	-8.397488	98.749556
5622.000000	-7.573794	98.781561
5622.000000	-6.750101	98.810169
5622.000000	-5.926407	98.836092
5622.000000	-5.102714	98.859712
5622.000000	-4.279020	98.880506
5622.000000	-3.455326	98.896130
5622.000000	-2.631633	98.898884
5622.000000	-1.807939	98.863789
5622.000000	2.145790	98.852572
5622.000000	2.969484	98.851648
5622.000000	3.793177	98.827083
5622.000000	4.616871	98.794358
5622.000000	5.440564	98.758875
5622.000000	6.264258	98.721952
5622.000000	7.087952	98.683221
5622.000000	7.911645	98.642172
5622.000000	8.735339	98.597602
5622.000000	9.559032	98.548361
5622.000000	10.382726	98.493607
5622.000000	11.206420	98.431619
5622.000000	12.030113	98.366050
5622.000000	12.853807	98.302315
5622.000000	13.677500	98.248808
5622.000000	14.501194	98.202321
5622.000000	15.324888	98.160773
5622.000000	16.148581	98.117917
5622.000000	16.972275	98.062803
5622.000000	17.795968	97.988642
5622.000000	18.619662	97.889926
5622.000000	19.443355	97.759381
5622.000000	20.267049	97.586515
5947.000000	-19.105505	98.199812
5947.000000	-18.281811	98.292427
5947.000000	-17.458118	98.362375
5947.000000	-16.634424	98.413723
5947.000000	-15.810730	98.452656
5947.000000	-14.987037	98.485280
5947.000000	-14.163343	98.518661
5947.000000	-13.339650	98.557630
5947.000000	-12.515956	98.602144
5947.000000	-11.692262	98.652694
5947.000000	-10.868569	98.702880
5947.000000	-10.044875	98.747421
5947.000000	-9.221182	98.786909
5947.000000	-8.397488	98.821406
5947.000000	-7.573794	98.852110
5947.000000	-6.750101	98.879583
5947.000000	-5.926407	98.904523
5947.000000	-5.102714	98.927316
5947.000000	-4.279020	98.947500
5947.000000	-3.455326	98.962896
5947.000000	-2.631633	98.966301
5947.000000	-1.807939	98.934315
5947.000000	2.145790	98.924743
5947.000000	2.969484	98.923669
5947.000000	3.793177	98.900490
5947.000000	4.616871	98.869692
5947.000000	5.440564	98.836321
5947.000000	6.264258	98.801585
5947.000000	7.087952	98.765110
5947.000000	7.911645	98.726403
5947.000000	8.735339	98.684319
5947.000000	9.559032	98.637767
5947.000000	10.382726	98.585941
5947.000000	11.206420	98.527205
5947.000000	12.030113	98.464980
5947.000000	12.853807	98.404381
5947.000000	13.677500	98.353342
5947.000000	14.501194	98.308830
5947.000000	15.324888	98.268884
5947.000000	16.148581	98.227590
5947.000000	16.972275	98.174566
5947.000000	17.795968	98.103340
5947.000000	18.619662	98.008633
5947.000000	19.443355	97.883453
5947.000000	20.267049	97.717690
6272.000000	-19.105505	98.285310
6272.000000	-18.281811	98.375158
6272.000000	-17.458118	98.443043
6272.000000	-16.634424	98.492938
6272.000000	-15.810730	98.530828
6272.000000	-14.987037	98.562596
6272.000000	-14.163343	98.595015
6272.000000	-13.339650	98.632719
6272.000000	-12.515956	98.675651
6272.000000	-11.692262	98.724276
6272.000000	-10.868569	98.772491
6272.000000	-10.044875	98.815261
6272.000000	-9.221182	98.853168
6272.000000	-8.397488	98.886285
6272.000000	-7.573794	98.915772
6272.000000	-6.750101	98.942182
6272.000000	-5.926407	98.966198
6272.000000	-5.102714	98.988211
6272.000000	-4.279020	99.007806
6272.000000	-3.455326	99.022956
6272.000000	-2.631633	99.026908
6272.000000	-1.807939	98.997690
6272.000000	2.145790	98.989443
6272.000000	2.969484	98.988194
6272.000000	3.793177	98.966223
6272.000000	4.616871	98.937123
6272.000000	5.440564	98.905621
6272.000000	6.264258	98.872827
6272.000000	7.087952	98.838366
6272.000000	7.911645	98.801758
6272.000000	8.735339	98.761911
6272.000000	9.559032	98.717785
6272.000000	10.382726	98.668607
6272.000000	11.206420	98.612817
6272.000000	12.030113	98.553633
6272.000000	12.853807	98.495898
6272.000000	13.677500	98.447130
6272.000000	14.501194	98.404457
6272.000000	15.324888	98.366022
6272.000000	16.148581	98.326213
6272.000000	16.972275	98.275159
6272.000000	17.795968	98.206681
6272.000000	18.619662	98.115706
6272.000000	19.443355	97.995506
6272.000000	20.267049	97.836325
6597.000000	-19.105505	98.363883
6597.000000	-18.281811	98.451067
6597.000000	-17.458118	98.516956
6597.000000	-16.634424	98.565432
6597.000000	-15.810730	98.602294
6597.000000	-14.987037	98.633212
6597.000000	-14.163343	98.664691
6597.000000	-13.339650	98.701178
6597.000000	-12.515956	98.742608
6597.000000	-11.692262	98.789423
6597.000000	-10.868569	98.835793
6597.000000	-10.044875	98.876906
6597.000000	-9.221182	98.913334
6597.000000	-8.397488	98.945161
6597.000000	-7.573794	98.973509
6597.000000	-6.750101	98.998922
6597.000000	-5.926407	99.022071
6597.000000	-5.102714	99.043348
6597.000000	-4.279020	99.062377
6597.000000	-3.455326	99.077273
6597.000000	-2.631633	99.081689
6597.000000	-1.807939	99.054948
6597.000000	2.145790	99.047774
6597.000000	2.969484	99.046334
6597.000000	3.793177	99.025424
6597.000000	4.616871	98.997832
6597.000000	5.440564	98.967995
6597.000000	6.264258	98.936937
6597.000000	7.087952	98.904285
6597.000000	7.911645	98.869569
6597.000000	8.735339	98.831746
6597.000000	9.559032	98.789819
6597.000000	10.382726	98.743047
6597.000000	11.206420	98.689940
6597.000000	12.030113	98.633533
6597.000000	12.853807	98.578422
6597.000000	13.677500	98.531753
6597.000000	14.501194	98.490792
6597.000000	15.324888	98.453782
6597.000000	16.148581	98.415382
6597.000000	16.972275	98.366186
6597.000000	17.795968	98.300281
6597.000000	18.619662	98.212787
6597.000000	19.443355	98.097218
6597.000000	20.267049	97.944154
6922.000000	-19.105505	98.436336
6922.000000	-18.281811	98.520960
6922.000000	-17.458118	98.584925
6922.000000	-16.634424	98.632025
6922.000000	-15.810730	98.667880
6922.000000	-14.987037	98.697962
6922.000000	-14.163343	98.728526
6922.000000	-13.339650	98.763847
6922.000000	-12.515956	98.803854
6922.000000	-11.692262	98.848966
6922.000000	-10.868569	98.893605
6922.000000	-10.044875	98.933166
6922.000000	-9.221182	98.968210
6922.000000	-8.397488	98.998829
6922.000000	-7.573794	99.026110
6922.000000	-6.750101	99.050590
6922.000000	-5.926407	99.072924
6922.000000	-5.102714	99.093505
6922.000000	-4.279020	99.111994
6922.000000	-3.455326	99.126632
6922.000000	-2.631633	99.131443
6922.000000	-1.807939	99.106929
6922.000000	2.145790	99.100633
6922.000000	2.969484	99.098993
6922.000000	3.793177	99.079022
6922.000000	4.616871	99.052777
6922.000000	5.440564	99.024432
6922.000000	6.264258	98.994936
6922.000000	7.087952	98.963918
6922.000000	7.911645	98.930917
6922.000000	8.735339	98.894932
6922.000000	9.559032	98.855009
6922.000000	10.382726	98.810432
6922.000000	11.206420	98.759778
6922.000000	12.030113	98.705916
6922.000000	12.853807	98.653220
6922.000000	13.677500	98.608492
6922.000000	14.501194	98.569130
6922.000000	15.324888	98.533463
6922.000000	16.148581	98.496399
6922.000000	16.972275	98.448955
6922.000000	17.795968	98.385462
6922.000000	18.619662	98.301219
6922.000000	19.443355	98.189969
6922.000000	20.267049	98.042602
7247.000000	-19.105505	98.503355
7247.000000	-18.281811	98.585523
7247.000000	-17.458118	98.647639
7247.000000	-16.634424	98.693408
7247.000000	-15.810730	98.728282
7247.000000	-14.987037	98.757546
7247.000000	-14.163343	98.787224
7247.000000	-13.339650	98.821430
7247.000000	-12.515956	98.860088
7247.000000	-11.692262	98.903596
7247.000000	-10.868569	98.946612
7247.000000	-10.044875	98.984717
7247.000000	-9.221182	99.018465
7247.000000	-8.397488	99.047950
7247.000000	-7.573794	99.074233
7247.000000	-6.750101	99.097836
7247.000000	-5.926407	99.119404
7247.000000	-5.102714	99.139327
7247.000000	-4.279020	99.157303
7247.000000	-3.455326	99.171684
7247.000000	-2.631633	99.176835
7247.000000	-1.807939	99.154328
7247.000000	2.145790	99.148756
7247.000000	2.969484	99.146909
7247.000000	3.793177	99.127773
7247.000000	4.616871	99.102739
7247.000000	5.440564	99.075740
7247.000000	6.264258	99.047658
7247.000000	7.087952	99.018122
7247.000000	7.911645	98.986682
7247.000000	8.735339	98.952375
7247.000000	9.559032	98.914284
7247.000000	10.382726	98.871720
7247.000000	11.206420	98.823317
7247.000000	12.030113	98.771797
7247.000000	12.853807	98.721328
7247.000000	13.677500	98.678402
7247.000000	14.501194	98.640535
7247.000000	15.324888	98.606136
7247.000000	16.148581	98.570337
7247.000000	16.972275	98.524545
7247.000000	17.795968	98.463316
7247.000000	18.619662	98.382117
7247.000000	19.443355	98.274900
7247.000000	20.267049	98.132851
7572.000000	-19.105505	98.565528
7572.000000	-18.281811	98.645343
7572.000000	-17.458118	98.705682
7572.000000	-16.634424	98.750168
7572.000000	-15.810730	98.784089
7572.000000	-14.987037	98.812559
7572.000000	-14.163343	98.841381
7572.000000	-13.339650	98.874523
7572.000000	-12.515956	98.911901
7572.000000	-11.692262	98.953899
7572.000000	-10.868569	98.995388
7572.000000	-10.044875	99.032127
7572.000000	-9.221182	99.064657
7572.000000	-8.397488	99.093080
7572.000000	-7.573794	99.118425
7572.000000	-6.750101	99.141206
7572.000000	-5.926407	99.162052
7572.000000	-5.102714	99.181352
7572.000000	-4.279020	99.198839
7572.000000	-3.455326	99.212970
7572.000000	-2.631633	99.218413
7572.000000	-1.807939	99.197720
7572.000000	2.145790	99.192751
7572.000000	2.969484	99.190694
7572.000000	3.793177	99.172307
7572.000000	4.616871	99.148366
7572.000000	5.440564	99.122588
7572.000000	6.264258	99.095792
7572.000000	7.087952	99.067607
7572.000000	7.911645	99.037595
7572.000000	8.735339	99.004825
7572.000000	9.559032	98.968416
7572.000000	10.382726	98.927703
7572.000000	11.206420	98.881372
7572.000000	12.030113	98.832014
7572.000000	12.853807	98.783607
7572.000000	13.677500	98.742357
7572.000000	14.501194	98.705890
7572.000000	15.324888	98.672687
7572.000000	16.148581	98.638087
7572.000000	16.972275	98.593855
7572.000000	17.795968	98.534755
7572.000000	18.619662	98.456409
7572.000000	19.443355	98.352967
7572.000000	20.267049	98.215893
7897.000000	-19.105505	98.623359
7897.000000	-18.281811	98.700922
7897.000000	-17.458118	98.759558
7897.000000	-16.634424	98.802807
7897.000000	-15.810730	98.835807
7897.000000	-14.987037	98.863506
7897.000000	-14.163343	98.891504
7897.000000	-13.339650	98.923630
7897.000000	-12.515956	98.959796
7897.000000	-11.692262	99.000368
7897.000000	-10.868569	99.040420
7897.000000	-10.044875	99.075874
7897.000000	-9.221182	99.107260
7897.000000	-8.397488	99.134685
7897.000000	-7.573794	99.159150
7897.000000	-6.750101	99.181157
7897.000000	-5.926407	99.201322
7897.000000	-5.102714	99.220032
7897.000000	-4.279020	99.237056
7897.000000	-3.455326	99.250945
7897.000000	-2.631633	99.256639
7897.000000	-1.807939	99.237588
7897.000000	2.145790	99.233128
7897.000000	2.969484	99.230861
7897.000000	3.793177	99.213145
7897.000000	4.616871	99.190198
7897.000000	5.440564	99.165533
7897.000000	6.264258	99.139912
7897.000000	7.087952	99.112964
7897.000000	7.911645	99.084261
7897.000000	8.735339	99.052905
7897.000000	9.559032	99.018045
7897.000000	10.382726	98.979040
7897.000000	11.206420	98.934624
7897.000000	12.030113	98.887267
7897.000000	12.853807	98.840774
7897.000000	13.677500	98.801088
7897.000000	14.501194	98.765935
7897.000000	15.324888	98.733860
7897.000000	16.148581	98.700398
7897.000000	16.972275	98.657639
7897.000000	17.795968	98.600543
7897.000000	18.619662	98.524876
7897.000000	19.443355	98.424975
7897.000000	20.267049	98.292563
8222.000000	-19.105505	98.677287
8222.000000	-18.281811	98.752695
8222.000000	-17.458118	98.809698
8222.000000	-16.634424	98.851757
8222.000000	-15.810730	98.883867
8222.000000	-14.987037	98.910821
8222.000000	-14.163343	98.938027
8222.000000	-13.339650	98.969184
8222.000000	-12.515956	99.004199
8222.000000	-11.692262	99.043426
8222.000000	-10.868569	99.082124
8222.000000	-10.044875	99.116368
8222.000000	-9.221182	99.146677
8222.000000	-8.397488	99.173163
8222.000000	-7.573794	99.196800
8222.000000	-6.750101	99.218080
8222.000000	-5.926407	99.237600
8222.000000	-5.102714	99.255751
8222.000000	-4.279020	99.272336
8222.000000	-3.455326	99.285990
8222.000000	-2.631633	99.291903
8222.000000	-1.807939	99.274346
8222.000000	2.145790	99.270315
8222.000000	2.969484	99.267838
8222.000000	3.793177	99.250731
8222.000000	4.616871	99.228688
8222.000000	5.440564	99.205043
8222.000000	6.264258	99.180500
8222.000000	7.087952	99.154690
8222.000000	7.911645	99.127191
8222.000000	8.735339	99.097139
8222.000000	9.559032	99.063711
8222.000000	10.382726	99.026287
8222.000000	11.206420	98.983646
8222.000000	12.030113	98.938147
8222.000000	12.853807	98.893435
8222.000000	13.677500	98.855210
8222.000000	14.501194	98.821291
8222.000000	15.324888	98.790284
8222.000000	16.148581	98.757900
8222.000000	16.972275	98.716535
8222.000000	17.795968	98.661327
8222.000000	18.619662	98.588181
8222.000000	19.443355	98.491607
8222.000000	20.267049	98.363573
8547.000000	-19.105505	98.727694
8547.000000	-18.281811	98.801039
8547.000000	-17.458118	98.856478
8547.000000	-16.634424	98.897394
8547.000000	-15.810730	98.928645
8547.000000	-14.987037	98.954879
8547.000000	-14.163343	98.981323
8547.000000	-13.339650	99.011556
8547.000000	-12.515956	99.045479
8547.000000	-11.692262	99.083434
8547.000000	-10.868569	99.120855
8547.000000	-10.044875	99.153958
8547.000000	-9.221182	99.183252
8547.000000	-8.397488	99.208853
8547.000000	-7.573794	99.231711
8547.000000	-6.750101	99.252304
8547.000000	-5.926407	99.271216
8547.000000	-5.102714	99.288838
8547.000000	-4.279020	99.305005
8547.000000	-3.455326	99.318432
8547.000000	-2.631633	99.324537
8547.000000	-1.807939	99.308344
8547.000000	2.145790	99.304676
8547.000000	2.969484	99.301994
8547.000000	3.793177	99.285437
8547.000000	4.616871	99.264223
8547.000000	5.440564	99.241514
8547.000000	6.264258	99.217964
8547.000000	7.087952	99.193203
8547.000000	7.911645	99.166817
8547.000000	8.735339	99.137971
8547.000000	9.559032	99.105871
8547.000000	10.382726	99.069914
8547.000000	11.206420	99.028922
8547.000000	12.030113	98.985153
8547.000000	12.853807	98.942102
8547.000000	13.677500	98.905247
8547.000000	14.501194	98.872489
8547.000000	15.324888	98.842492
8547.000000	16.148581	98.811131
8547.000000	16.972275	98.771085
8547.000000	17.795968	98.717659
8547.000000	18.619662	98.646888
8547.000000	19.443355	98.553445
8547.000000	20.267049	98.429531
8872.000000	-19.105505	98.774912
8872.000000	-18.281811	98.846283
8872.000000	-17.458118	98.900223
8872.000000	-16.634424	98.940041
8872.000000	-15.810730	98.970466
8872.000000	-14.987037	98.996004
8872.000000	-14.163343	99.021717
8872.000000	-13.339650	99.051068
8872.000000	-12.515956	99.083954
8872.000000	-11.692262	99.120705
8872.000000	-10.868569	99.156920
8872.000000	-10.044875	99.188945
8872.000000	-9.221182	99.217282
8872.000000	-8.397488	99.242049
8872.000000	-7.573794	99.264171
8872.000000	-6.750101	99.284116
8872.000000	-5.926407	99.302453
8872.000000	-5.102714	99.319573
8872.000000	-4.279020	99.335344
8872.000000	-3.455326	99.348550
8872.000000	-2.631633	99.354822
8872.000000	-1.807939	99.339885
8872.000000	2.145790	99.336521
8872.000000	2.969484	99.333638
8872.000000	3.793177	99.317584
8872.000000	4.616871	99.297130
8872.000000	5.440564	99.275285
8872.000000	6.264258	99.252652
8872.000000	7.087952	99.228861
8872.000000	7.911645	99.203506
8872.000000	8.735339	99.175779
8872.000000	9.559032	99.144914
8872.000000	10.382726	99.110323
8872.000000	11.206420	99.070867
8872.000000	12.030113	99.028712
8872.000000	12.853807	98.987215
8872.000000	13.677500	98.951643
8872.000000	14.501194	98.919981
8872.000000	15.324888	98.890941
8872.000000	16.148581	98.860551
8872.000000	16.972275	98.821754
8872.000000	17.795968	98.770014
8872.000000	18.619662	98.701483
8872.000000	19.443355	98.610992
8872.000000	20.267049	98.490961
9197.000000	-19.105505	98.819235
9197.000000	-18.281811	98.888717
9197.000000	-17.458118	98.941221
9197.000000	-16.634424	98.979984
9197.000000	-15.810730	99.009611
9197.000000	-14.987037	99.034480
9197.000000	-14.163343	99.059491
9197.000000	-13.339650	99.087999
9197.000000	-12.515956	99.119900
9197.000000	-11.692262	99.155510
9197.000000	-10.868569	99.190584
9197.000000	-10.044875	99.221591
9197.000000	-9.221182	99.249024
9197.000000	-8.397488	99.273003
9197.000000	-7.573794	99.294430
9197.000000	-6.750101	99.313762
9197.000000	-5.926407	99.331555
9197.000000	-5.102714	99.348201
9197.000000	-4.279020	99.363594
9197.000000	-3.455326	99.376585
9197.000000	-2.631633	99.383004
9197.000000	-1.807939	99.369230
9197.000000	2.145790	99.366116
9197.000000	2.969484	99.363040
9197.000000	3.793177	99.347445
9197.000000	4.616871	99.327691
9197.000000	5.440564	99.306644
9197.000000	6.264258	99.284862
9197.000000	7.087952	99.261970
9197.000000	7.911645	99.237573
9197.000000	8.735339	99.210888
9197.000000	9.559032	99.181173
9197.000000	10.382726	99.147856
9197.000000	11.206420	99.109836
9197.000000	12.030113	99.069191
9197.000000	12.853807	99.029149
9197.000000	13.677500	98.994784
9197.000000	14.501194	98.964155
9197.000000	15.324888	98.936023
9197.000000	16.148581	98.906555
9197.000000	16.972275	98.868943
9197.000000	17.795968	98.818798
9197.000000	18.619662	98.752385
9197.000000	19.443355	98.664682
9197.000000	20.267049	98.548315
9522.000000	-19.105505	98.860920
9522.000000	-18.281811	98.928593
9522.000000	-17.458118	98.979721
9522.000000	-16.634424	99.017471
9522.000000	-15.810730	99.046331
9522.000000	-14.987037	99.070554
9522.000000	-14.163343	99.094890
9522.000000	-13.339650	99.122593
9522.000000	-12.515956	99.153558
9522.000000	-11.692262	99.188087
9522.000000	-10.868569	99.222079
9522.000000	-10.044875	99.252123
9522.000000	-9.221182	99.278702
9522.000000	-8.397488	99.301935
9522.000000	-7.573794	99.322703
9522.000000	-6.750101	99.341455
9522.000000	-5.926407	99.358734
9522.000000	-5.102714	99.374931
9522.000000	-4.279020	99.389964
9522.000000	-3.455326	99.402745
9522.000000	-2.631633	99.409293
9522.000000	-1.807939	99.396602
9522.000000	2.145790	99.393692
9522.000000	2.969484	99.390430
9522.000000	3.793177	99.375256
9522.000000	4.616871	99.356150
9522.000000	5.440564	99.335842
9522.000000	6.264258	99.314849
9522.000000	7.087952	99.292795
9522.000000	7.911645	99.269289
9522.000000	8.735339	99.243576
9522.000000	9.559032	99.214935
9522.000000	10.382726	99.182810
9522.000000	11.206420	99.146134
9522.000000	12.030113	99.106904
9522.000000	12.853807	99.068229
9522.000000	13.677500	99.035001
9522.000000	14.501194	99.005349
9522.000000	15.324888	98.978077
9522.000000	16.148581	98.949487
9522.000000	16.972275	98.913000
9522.000000	17.795968	98.864366
9522.000000	18.619662	98.799957
9522.000000	19.443355	98.714890
9522.000000	20.267049	98.601989
9847.000000	-19.105505	98.900196
9847.000000	-18.281811	98.966135
9847.000000	-17.458118	99.015944
9847.000000	-16.634424	99.052722
9847.000000	-15.810730	99.080844
9847.000000	-14.987037	99.104443
9847.000000	-14.163343	99.128131
9847.000000	-13.339650	99.155067
9847.000000	-12.515956	99.185140
9847.000000	-11.692262	99.218642
9847.000000	-10.868569	99.251609
9847.000000	-10.044875	99.280739
9847.000000	-9.221182	99.306509
9847.000000	-8.397488	99.329037
9847.000000	-7.573794	99.349181
9847.000000	-6.750101	99.367381
9847.000000	-5.926407	99.384175
9847.000000	-5.102714	99.399948
9847.000000	-4.279020	99.414635
9847.000000	-3.455326	99.427212
9847.000000	-2.631633	99.433875
9847.000000	-1.807939	99.422197
9847.000000	2.145790	99.419447
9847.000000	2.969484	99.416008
9847.000000	3.793177	99.401222
9847.000000	4.616871	99.382715
9847.000000	5.440564	99.363094
9847.000000	6.264258	99.342837
9847.000000	7.087952	99.321563
9847.000000	7.911645	99.298890
9847.000000	8.735339	99.274086
9847.000000	9.559032	99.246451
9847.000000	10.382726	99.215443
9847.000000	11.206420	99.180027
9847.000000	12.030113	99.142127
9847.000000	12.853807	99.104737
9847.000000	13.677500	99.072582
9847.000000	14.501194	99.043854
9847.000000	15.324888	99.017400
9847.000000	16.148581	98.989645
9847.000000	16.972275	98.954228
9847.000000	17.795968	98.907027
9847.000000	18.619662	98.844518
9847.000000	19.443355	98.761948
9847.000000	20.267049	98.652328
10172.000000	-19.105505	98.937265
10172.000000	-18.281811	99.001543
10172.000000	-17.458118	99.050087
10172.000000	-16.634424	99.085931
10172.000000	-15.810730	99.113341
10172.000000	-14.987037	99.136342
10172.000000	-14.163343	99.159407
10172.000000	-13.339650	99.185607
10172.000000	-12.515956	99.214831
10172.000000	-11.692262	99.247358
10172.000000	-10.868569	99.279352
10172.000000	-10.044875	99.307615
10172.000000	-9.221182	99.332618
10172.000000	-8.397488	99.354477
10172.000000	-7.573794	99.374029
10172.000000	-6.750101	99.391706
10172.000000	-5.926407	99.408038
10172.000000	-5.102714	99.423409
10172.000000	-4.279020	99.437768
10172.000000	-3.455326	99.450146
10172.000000	-2.631633	99.456911
10172.000000	-1.807939	99.446183
10172.000000	2.145790	99.443557
10172.000000	2.969484	99.439947
10172.000000	3.793177	99.425520
10172.000000	4.616871	99.407570
10172.000000	5.440564	99.388590
10172.000000	6.264258	99.369019
10172.000000	7.087952	99.348474
10172.000000	7.911645	99.326581
10172.000000	8.735339	99.302628
10172.000000	9.559032	99.275937
10172.000000	10.382726	99.245979
10172.000000	11.206420	99.211747
10172.000000	12.030113	99.175099
10172.000000	12.853807	99.138920
10172.000000	13.677500	99.107777
10172.000000	14.501194	99.079925
10172.000000	15.324888	99.054249
10172.000000	16.148581	99.027290
10172.000000	16.972275	98.992890
10172.000000	17.795968	98.947051
10172.000000	18.619662	98.886344
10172.000000	19.443355	98.806142
10172.000000	20.267049	98.699633
10497.000000	-19.105505	98.972307
10497.000000	-18.281811	99.034994
10497.000000	-17.458118	99.082324
10497.000000	-16.634424	99.117270
10497.000000	-15.810730	99.143996
10497.000000	-14.987037	99.166419
10497.000000	-14.163343	99.188886
10497.000000	-13.339650	99.214383
10497.000000	-12.515956	99.242798
10497.000000	-11.692262	99.274396
10497.000000	-10.868569	99.305465
10497.000000	-10.044875	99.332905
10497.000000	-9.221182	99.357179
10497.000000	-8.397488	99.378403
10497.000000	-7.573794	99.397392
10497.000000	-6.750101	99.414572
10497.000000	-5.926407	99.430466
10497.000000	-5.102714	99.445455
10497.000000	-4.279020	99.459501
10497.000000	-3.455326	99.471686
10497.000000	-2.631633	99.478543
10497.000000	-1.807939	99.468706
10497.000000	2.145790	99.466173
10497.000000	2.969484	99.462400
10497.000000	3.793177	99.448306
10497.000000	4.616871	99.430875
10497.000000	5.440564	99.412493
10497.000000	6.264258	99.393564
10497.000000	7.087952	99.373703
10497.000000	7.911645	99.352541
10497.000000	8.735339	99.329388
10497.000000	9.559032	99.303583
10497.000000	10.382726	99.274612
10497.000000	11.206420	99.241496
10497.000000	12.030113	99.206027
10497.000000	12.853807	99.170992
10497.000000	13.677500	99.140808
10497.000000	14.501194	99.113788
10497.000000	15.324888	99.088851
10497.000000	16.148581	99.062651
10497.000000	16.972275	99.029219
10497.000000	17.795968	98.984676
10497.000000	18.619662	98.925682
10497.000000	19.443355	98.847728
10497.000000	20.267049	98.744173
10822.000000	-19.105505	99.005484
10822.000000	-18.281811	99.066643
10822.000000	-17.458118	99.112809
10822.000000	-16.634424	99.146893
10822.000000	-15.810730	99.172960
10822.000000	-14.987037	99.194826
10822.000000	-14.163343	99.216719
10822.000000	-13.339650	99.241543
10822.000000	-12.515956	99.269184
10822.000000	-11.692262	99.299899
10822.000000	-10.868569	99.330087
10822.000000	-10.044875	99.356745
10822.000000	-9.221182	99.380326
10822.000000	-8.397488	99.400946
10822.000000	-7.573794	99.419399
10822.000000	-6.750101	99.436107
10822.000000	-5.926407	99.451584
10822.000000	-5.102714	99.466210
10822.000000	-4.279020	99.479956
10822.000000	-3.455326	99.491956
10822.000000	-2.631633	99.498896
10822.000000	-1.807939	99.489896
10822.000000	2.145790	99.487431
10822.000000	2.969484	99.483500
10822.000000	3.793177	99.469717
10822.000000	4.616871	99.452771
10822.000000	5.440564	99.434948
10822.000000	6.264258	99.416620
10822.000000	7.087952	99.397401
10822.000000	7.911645	99.376926
10822.000000	8.735339	99.354526
10822.000000	9.559032	99.329557
10822.000000	10.382726	99.301516
10822.000000	11.206420	99.269453
10822.000000	12.030113	99.235098
10822.000000	12.853807	99.201144
10822.000000	13.677500	99.171868
10822.000000	14.501194	99.145637
10822.000000	15.324888	99.121406
10822.000000	16.148581	99.095930
10822.000000	16.972275	99.063422
10822.000000	17.795968	99.020111
10822.000000	18.619662	98.962746
10822.000000	19.443355	98.886931
10822.000000	20.267049	98.786184
11147.000000	-19.105505	99.036941
11147.000000	-18.281811	99.096634
11147.000000	-17.458118	99.141681
11147.000000	-16.634424	99.174936
11147.000000	-15.810730	99.200369
11147.000000	-14.987037	99.221699
11147.000000	-14.163343	99.243040
11147.000000	-13.339650	99.267220
11147.000000	-12.515956	99.294122
11147.000000	-11.692262	99.323994
11147.000000	-10.868569	99.353345
11147.000000	-10.044875	99.379257
11147.000000	-9.221182	99.402178
11147.000000	-8.397488	99.422222
11147.000000	-7.573794	99.440166
11147.000000	-6.750101	99.456423
11147.000000	-5.926407	99.471504
11147.000000	-5.102714	99.485783
11147.000000	-4.279020	99.499244
11147.000000	-3.455326	99.511067
11147.000000	-2.631633	99.518083
11147.000000	-1.807939	99.509867
11147.000000	2.145790	99.507448
11147.000000	2.969484	99.503365
11147.000000	3.793177	99.489872
11147.000000	4.616871	99.473381
11147.000000	5.440564	99.456082
11147.000000	6.264258	99.438319
11147.000000	7.087952	99.419703
11147.000000	7.911645	99.399877
11147.000000	8.735339	99.378187
11147.000000	9.559032	99.354005
11147.000000	10.382726	99.326843
11147.000000	11.206420	99.295774
11147.000000	12.030113	99.262472
11147.000000	12.853807	99.229543
11147.000000	13.677500	99.201129
11147.000000	14.501194	99.175650
11147.000000	15.324888	99.152090
11147.000000	16.148581	99.127306
11147.000000	16.972275	99.095679
11147.000000	17.795968	99.053544
11147.000000	18.619662	98.997730
11147.000000	19.443355	98.923949
11147.000000	20.267049	98.825875
11472.000000	-19.105505	99.066807
11472.000000	-18.281811	99.125092
11472.000000	-17.458118	99.169065
11472.000000	-16.634424	99.201522
11472.000000	-15.810730	99.226344
11472.000000	-14.987037	99.247159
11472.000000	-14.163343	99.267969
11472.000000	-13.339650	99.291532
11472.000000	-12.515956	99.317727
11472.000000	-11.692262	99.346795
11472.000000	-10.868569	99.375347
11472.000000	-10.044875	99.400549
11472.000000	-9.221182	99.422839
11472.000000	-8.397488	99.442334
11472.000000	-7.573794	99.459792
11472.000000	-6.750101	99.475622
11472.000000	-5.926407	99.490324
11472.000000	-5.102714	99.504271
11472.000000	-4.279020	99.517460
11472.000000	-3.455326	99.529115
11472.000000	-2.631633	99.536201
11472.000000	-1.807939	99.528720
11472.000000	2.145790	99.526331
11472.000000	2.969484	99.522100
11472.000000	3.793177	99.508878
11472.000000	4.616871	99.492816
11472.000000	5.440564	99.476010
11472.000000	6.264258	99.458777
11472.000000	7.087952	99.440730
11472.000000	7.911645	99.421516
11472.000000	8.735339	99.400496
11472.000000	9.559032	99.377059
11472.000000	10.382726	99.350727
11472.000000	11.206420	99.320599
11472.000000	12.030113	99.288295
11472.000000	12.853807	99.256337
11472.000000	13.677500	99.228743
11472.000000	14.501194	99.203979
11472.000000	15.324888	99.181061
11472.000000	16.148581	99.156938
11472.000000	16.972275	99.126153
11472.000000	17.795968	99.085139
11472.000000	18.619662	99.030804
11472.000000	19.443355	98.958962
11472.000000	20.267049	98.863434
11797.000000	-19.105505	99.095201
11797.000000	-18.281811	99.152133
11797.000000	-17.458118	99.195073
11797.000000	-16.634424	99.226762
11797.000000	-15.810730	99.250996
11797.000000	-14.987037	99.271314
11797.000000	-14.163343	99.291615
11797.000000	-13.339650	99.314585
11797.000000	-12.515956	99.340103
11797.000000	-11.692262	99.368402
11797.000000	-10.868569	99.396192
11797.000000	-10.044875	99.420716
11797.000000	-9.221182	99.442405
11797.000000	-8.397488	99.461375
11797.000000	-7.573794	99.478371
11797.000000	-6.750101	99.493794
11797.000000	-5.926407	99.508133
11797.000000	-5.102714	99.521763
11797.000000	-4.279020	99.534691
11797.000000	-3.455326	99.546187
11797.000000	-2.631633	99.553337
11797.000000	-1.807939	99.546547
11797.000000	2.145790	99.544172
11797.000000	2.969484	99.539799
11797.000000	3.793177	99.526832
11797.000000	4.616871	99.511173
11797.000000	5.440564	99.494831
11797.000000	6.264258	99.478097
11797.000000	7.087952	99.460587
11797.000000	7.911645	99.441953
11797.000000	8.735339	99.421567
11797.000000	9.559032	99.398834
11797.000000	10.382726	99.373288
11797.000000	11.206420	99.344052
11797.000000	12.030113	99.312695
11797.000000	12.853807	99.281660
11797.000000	13.677500	99.254845
11797.000000	14.501194	99.230762
11797.000000	15.324888	99.208458
11797.000000	16.148581	99.184968
11797.000000	16.972275	99.154988
11797.000000	17.795968	99.115044
11797.000000	18.619662	99.062120
11797.000000	19.443355	98.992128
11797.000000	20.267049	98.899030
12122.000000	-19.105505	99.122227
12122.000000	-18.281811	99.177859
12122.000000	-17.458118	99.219806
12122.000000	-16.634424	99.250756
12122.000000	-15.810730	99.274423
12122.000000	-14.987037	99.294263
12122.000000	-14.163343	99.314073
12122.000000	-13.339650	99.336474
12122.000000	-12.515956	99.361344
12122.000000	-11.692262	99.388908
12122.000000	-10.868569	99.415970
12122.000000	-10.044875	99.439847
12122.000000	-9.221182	99.460961
12122.000000	-8.397488	99.479429
12122.000000	-7.573794	99.495984
12122.000000	-6.750101	99.511018
12122.000000	-5.926407	99.525011
12122.000000	-5.102714	99.538336
12122.000000	-4.279020	99.551017
12122.000000	-3.455326	99.562359
12122.000000	-2.631633	99.569567
12122.000000	-1.807939	99.563426
12122.000000	2.145790	99.561056
12122.000000	2.969484	99.556545
12122.000000	3.793177	99.543818
12122.000000	4.616871	99.528540
12122.000000	5.440564	99.512635
12122.000000	6.264258	99.496372
12122.000000	7.087952	99.479370
12122.000000	7.911645	99.461284
12122.000000	8.735339	99.441500
12122.000000	9.559032	99.419434
12122.000000	10.382726	99.394634
12122.000000	11.206420	99.366244
12122.000000	12.030113	99.335786
12122.000000	12.853807	99.305628
12122.000000	13.677500	99.279556
12122.000000	14.501194	99.256124
12122.000000	15.324888	99.234406
12122.000000	16.148581	99.211522
12122.000000	16.972275	99.182312
12122.000000	17.795968	99.143391
12122.000000	18.619662	99.091816
12122.000000	19.443355	99.023590
12122.000000	20.267049	98.932812
12447.000000	-19.105505	99.147984
12447.000000	-18.281811	99.202364
12447.000000	-17.458118	99.243354
12447.000000	-16.634424	99.273593
12447.000000	-15.810730	99.296714
12447.000000	-14.987037	99.316092
12447.000000	-14.163343	99.335430
12447.000000	-13.339650	99.357285
12447.000000	-12.515956	99.381533
12447.000000	-11.692262	99.408394
12447.000000	-10.868569	99.434760
12447.000000	-10.044875	99.458018
12447.000000	-9.221182	99.478583
12447.000000	-8.397488	99.496572
12447.000000	-7.573794	99.512705
12447.000000	-6.750101	99.527367
12447.000000	-5.926407	99.541030
12447.000000	-5.102714	99.554063
12447.000000	-4.279020	99.566505
12447.000000	-3.455326	99.577700
12447.000000	-2.631633	99.584961
12447.000000	-1.807939	99.579430
12447.000000	2.145790	99.577059
12447.000000	2.969484	99.572415
12447.000000	3.793177	99.559913
12447.000000	4.616871	99.544994
12447.000000	5.440564	99.529502
12447.000000	6.264258	99.513685
12447.000000	7.087952	99.497164
12447.000000	7.911645	99.479598
12447.000000	8.735339	99.460384
12447.000000	9.559032	99.438952
12447.000000	10.382726	99.414861
12447.000000	11.206420	99.387274
12447.000000	12.030113	99.357672
12447.000000	12.853807	99.328349
12447.000000	13.677500	99.302984
12447.000000	14.501194	99.280173
12447.000000	15.324888	99.259017
12447.000000	16.148581	99.236713
12447.000000	16.972275	99.208241
12447.000000	17.795968	99.170300
12447.000000	18.619662	99.120014
12447.000000	19.443355	99.053476
12447.000000	20.267049	98.964916
12772.000000	-19.105505	99.172558
12772.000000	-18.281811	99.225733
12772.000000	-17.458118	99.265803
12772.000000	-16.634424	99.295356
12772.000000	-15.810730	99.317950
12772.000000	-14.987037	99.336883
12772.000000	-14.163343	99.355766
12772.000000	-13.339650	99.377095
12772.000000	-12.515956	99.400747
12772.000000	-11.692262	99.426934
12772.000000	-10.868569	99.452633
12772.000000	-10.044875	99.475299
12772.000000	-9.221182	99.495339
12772.000000	-8.397488	99.512871
12772.000000	-7.573794	99.528601
12772.000000	-6.750101	99.542907
12772.000000	-5.926407	99.556252
12772.000000	-5.102714	99.569005
12772.000000	-4.279020	99.581220
12772.000000	-3.455326	99.592273
12772.000000	-2.631633	99.599580
12772.000000	-1.807939	99.594623
12772.000000	2.145790	99.592247
12772.000000	2.969484	99.587475
12772.000000	3.793177	99.575185
12772.000000	4.616871	99.560606
12772.000000	5.440564	99.545504
12772.000000	6.264258	99.530109
12772.000000	7.087952	99.514045
12772.000000	7.911645	99.496972
12772.000000	8.735339	99.478299
12772.000000	9.559032	99.457471
12772.000000	10.382726	99.434053
12772.000000	11.206420	99.407231
12772.000000	12.030113	99.378444
12772.000000	12.853807	99.349916
12772.000000	13.677500	99.325226
12772.000000	14.501194	99.303010
12772.000000	15.324888	99.282391
12772.000000	16.148581	99.260645
12772.000000	16.972275	99.232880
12772.000000	17.795968	99.195877
12772.000000	18.619662	99.146824
12772.000000	19.443355	99.081902
12772.000000	20.267049	98.995464
13097.000000	-19.105505	99.196029
13097.000000	-18.281811	99.248043
13097.000000	-17.458118	99.287226
13097.000000	-16.634424	99.316118
13097.000000	-15.810730	99.338204
13097.000000	-14.987037	99.356707
13097.000000	-14.163343	99.375151
13097.000000	-13.339650	99.395976
13097.000000	-12.515956	99.419055
13097.000000	-11.692262	99.444595
13097.000000	-10.868569	99.469656
13097.000000	-10.044875	99.491755
13097.000000	-9.221182	99.511293
13097.000000	-8.397488	99.528387
13097.000000	-7.573794	99.543731
13097.000000	-6.750101	99.557696
13097.000000	-5.926407	99.570737
13097.000000	-5.102714	99.583223
13097.000000	-4.279020	99.595218
13097.000000	-3.455326	99.606133
13097.000000	-2.631633	99.613481
13097.000000	-1.807939	99.609063
13097.000000	2.145790	99.606683
13097.000000	2.969484	99.601787
13097.000000	3.793177	99.589696
13097.000000	4.616871	99.575438
13097.000000	5.440564	99.560707
13097.000000	6.264258	99.545713
13097.000000	7.087952	99.530081
13097.000000	7.911645	99.513477
13097.000000	8.735339	99.495319
13097.000000	9.559032	99.475064
13097.000000	10.382726	99.452289
13097.000000	11.206420	99.426196
13097.000000	12.030113	99.398185
13097.000000	12.853807	99.370416
13097.000000	13.677500	99.346371
13097.000000	14.501194	99.324724
13097.000000	15.324888	99.304621
13097.000000	16.148581	99.283410
13097.000000	16.972275	99.256323
13097.000000	17.795968	99.220219
13097.000000	18.619662	99.172348
13097.000000	19.443355	99.108973
13097.000000	20.267049	99.024567
13422.000000	-19.105505	99.218469
13422.000000	-18.281811	99.269364
13422.000000	-17.458118	99.307692
13422.000000	-16.634424	99.335947
13422.000000	-15.810730	99.357543
13422.000000	-14.987037	99.375631
13422.000000	-14.163343	99.393652
13422.000000	-13.339650	99.413990
13422.000000	-12.515956	99.436518
13422.000000	-11.692262	99.461438
13422.000000	-10.868569	99.485887
13422.000000	-10.044875	99.507443
13422.000000	-9.221182	99.526500
13422.000000	-8.397488	99.543176
13422.000000	-7.573794	99.558150
13422.000000	-6.750101	99.571788
13422.000000	-5.926407	99.584538
13422.000000	-5.102714	99.596766
13422.000000	-4.279020	99.608550
13422.000000	-3.455326	99.619331
13422.000000	-2.631633	99.626714
13422.000000	-1.807939	99.622805
13422.000000	2.145790	99.620420
13422.000000	2.969484	99.615405
13422.000000	3.793177	99.603502
13422.000000	4.616871	99.589547
13422.000000	5.440564	99.575169
13422.000000	6.264258	99.560556
13422.000000	7.087952	99.545336
13422.000000	7.911645	99.529176
13422.000000	8.735339	99.511509
13422.000000	9.559032	99.491801
13422.000000	10.382726	99.469638
13422.000000	11.206420	99.444241
13422.000000	12.030113	99.416971
13422.000000	12.853807	99.389926
13422.000000	13.677500	99.366498
13422.000000	14.501194	99.345395
13422.000000	15.324888	99.325787
13422.000000	16.148581	99.305090
13422.000000	16.972275	99.278655
13422.000000	17.795968	99.243413
13422.000000	18.619662	99.196675
13422.000000	19.443355	99.134783
13422.000000	20.267049	99.052325
13747.000000	-19.105505	99.239945
13747.000000	-18.281811	99.289761
13747.000000	-17.458118	99.327265
13747.000000	-16.634424	99.354904
13747.000000	-15.810730	99.376026
13747.000000	-14.987037	99.393713
13747.000000	-14.163343	99.411326
13747.000000	-13.339650	99.431196
13747.000000	-12.515956	99.453195
13747.000000	-11.692262	99.477520
13747.000000	-10.868569	99.501381
13747.000000	-10.044875	99.522415
13747.000000	-9.221182	99.541012
13747.000000	-8.397488	99.557287
13747.000000	-7.573794	99.571906
13747.000000	-6.750101	99.585230
13747.000000	-5.926407	99.597700
13747.000000	-5.102714	99.609682
13747.000000	-4.279020	99.621263
13747.000000	-3.455326	99.631914
13747.000000	-2.631633	99.639327
13747.000000	-1.807939	99.635901
13747.000000	2.145790	99.633508
13747.000000	2.969484	99.628379
13747.000000	3.793177	99.616653
13747.000000	4.616871	99.602986
13747.000000	5.440564	99.588942
13747.000000	6.264258	99.574692
13747.000000	7.087952	99.559863
13747.000000	7.911645	99.544128
13747.000000	8.735339	99.526929
13747.000000	9.559032	99.507742
13747.000000	10.382726	99.486164
13747.000000	11.206420	99.461431
13747.000000	12.030113	99.434868
13747.000000	12.853807	99.408516
13747.000000	13.677500	99.385677
13747.000000	14.501194	99.365097
13747.000000	15.324888	99.345965
13747.000000	16.148581	99.325762
13747.000000	16.972275	99.299953
13747.000000	17.795968	99.265539
13747.000000	18.619662	99.219888
13747.000000	19.443355	99.159419
13747.000000	20.267049	99.078830
14072.000000	-19.105505	99.260517
14072.000000	-18.281811	99.309293
14072.000000	-17.458118	99.346000
14072.000000	-16.634424	99.373046
14072.000000	-15.810730	99.393710
14072.000000	-14.987037	99.411010
14072.000000	-14.163343	99.428228
14072.000000	-13.339650	99.447647
14072.000000	-12.515956	99.469137
14072.000000	-11.692262	99.492890
14072.000000	-10.868569	99.516186
14072.000000	-10.044875	99.536720
14072.000000	-9.221182	99.554875
14072.000000	-8.397488	99.570765
14072.000000	-7.573794	99.585044
14072.000000	-6.750101	99.598066
14072.000000	-5.926407	99.610268
14072.000000	-5.102714	99.622013
14072.000000	-4.279020	99.633399
14072.000000	-3.455326	99.643923
14072.000000	-2.631633	99.651363
14072.000000	-1.807939	99.648397
14072.000000	2.145790	99.645993
14072.000000	2.969484	99.640753
14072.000000	3.793177	99.629195
14072.000000	4.616871	99.615800
14072.000000	5.440564	99.602075
14072.000000	6.264258	99.588171
14072.000000	7.087952	99.573716
14072.000000	7.911645	99.558384
14072.000000	8.735339	99.541631
14072.000000	9.559032	99.522943
14072.000000	10.382726	99.501923
14072.000000	11.206420	99.477825
14072.000000	12.030113	99.451939
14072.000000	12.853807	99.426249
14072.000000	13.677500	99.403976
14072.000000	14.501194	99.383897
14072.000000	15.324888	99.365222
14072.000000	16.148581	99.345495
14072.000000	16.972275	99.320287
14072.000000	17.795968	99.286668
14072.000000	18.619662	99.242062
14072.000000	19.443355	99.182960
14072.000000	20.267049	99.104166
14397.000000	-19.105505	99.280241
14397.000000	-18.281811	99.328012
14397.000000	-17.458118	99.363952
14397.000000	-16.634424	99.390424
14397.000000	-15.810730	99.410646
14397.000000	-14.987037	99.427571
14397.000000	-14.163343	99.444408
14397.000000	-13.339650	99.463392
14397.000000	-12.515956	99.484392
14397.000000	-11.692262	99.507594
14397.000000	-10.868569	99.530348
14397.000000	-10.044875	99.550402
14397.000000	-9.221182	99.568132
14397.000000	-8.397488	99.583652
14397.000000	-7.573794	99.597604
14397.000000	-6.750101	99.610337
14397.000000	-5.926407	99.622281
14397.000000	-5.102714	99.633797
14397.000000	-4.279020	99.644995
14397.000000	-3.455326	99.655397
14397.000000	-2.631633	99.662863
14397.000000	-1.807939	99.660336
14397.000000	2.145790	99.657915
14397.000000	2.969484	99.652569
14397.000000	3.793177	99.641168
14397.000000	4.616871	99.628033
14397.000000	5.440564	99.614611
14397.000000	6.264258	99.601037
14397.000000	7.087952	99.586938
14397.000000	7.911645	99.571992
14397.000000	8.735339	99.555665
14397.000000	9.559032	99.537453
14397.000000	10.382726	99.516967
14397.000000	11.206420	99.493477
14397.000000	12.030113	99.468238
14397.000000	12.853807	99.443183
14397.000000	13.677500	99.421453
14397.000000	14.501194	99.401856
14397.000000	15.324888	99.383621
14397.000000	16.148581	99.364350
14397.000000	16.972275	99.339721
14397.000000	17.795968	99.306867
14397.000000	18.619662	99.263265
14397.000000	19.443355	99.205476
14397.000000	20.267049	99.128407
14722.000000	-19.105505	99.299167
14722.000000	-18.281811	99.345969
14722.000000	-17.458118	99.381167
14722.000000	-16.634424	99.407084
14722.000000	-15.810730	99.426879
14722.000000	-14.987037	99.443441
14722.000000	-14.163343	99.459912
14722.000000	-13.339650	99.478476
14722.000000	-12.515956	99.499004
14722.000000	-11.692262	99.521676
14722.000000	-10.868569	99.543908
14722.000000	-10.044875	99.563500
14722.000000	-9.221182	99.580821
14722.000000	-8.397488	99.595986
14722.000000	-7.573794	99.609624
14722.000000	-6.750101	99.622079
14722.000000	-5.926407	99.633774
14722.000000	-5.102714	99.645071
14722.000000	-4.279020	99.656087
14722.000000	-3.455326	99.666371
14722.000000	-2.631633	99.673861
14722.000000	-1.807939	99.671758
14722.000000	2.145790	99.669312
14722.000000	2.969484	99.663863
14722.000000	3.793177	99.652612
14722.000000	4.616871	99.639724
14722.000000	5.440564	99.626591
14722.000000	6.264258	99.613332
14722.000000	7.087952	99.599573
14722.000000	7.911645	99.584995
14722.000000	8.735339	99.569075
14722.000000	9.559032	99.551320
14722.000000	10.382726	99.531345
14722.000000	11.206420	99.508436
14722.000000	12.030113	99.483818
14722.000000	12.853807	99.459371
14722.000000	13.677500	99.438162
14722.000000	14.501194	99.419028
14722.000000	15.324888	99.401216
14722.000000	16.148581	99.382386
14722.000000	16.972275	99.358313
14722.000000	17.795968	99.326196
14722.000000	18.619662	99.283559
14722.000000	19.443355	99.227034
14722.000000	20.267049	99.151624
15047.000000	-19.105505	99.317344
15047.000000	-18.281811	99.363208
15047.000000	-17.458118	99.397690
15047.000000	-16.634424	99.423072
15047.000000	-15.810730	99.442452
15047.000000	-14.987037	99.458664
15047.000000	-14.163343	99.474779
15047.000000	-13.339650	99.492939
15047.000000	-12.515956	99.513012
15047.000000	-11.692262	99.535174
15047.000000	-10.868569	99.556904
15047.000000	-10.044875	99.576051
15047.000000	-9.221182	99.592979
15047.000000	-8.397488	99.607801
15047.000000	-7.573794	99.621137
15047.000000	-6.750101	99.633324
15047.000000	-5.926407	99.644781
15047.000000	-5.102714	99.655867
15047.000000	-4.279020	99.666707
15047.000000	-3.455326	99.676877
15047.000000	-2.631633	99.684391
15047.000000	-1.807939	99.682697
15047.000000	2.145790	99.680219
15047.000000	2.969484	99.674668
15047.000000	3.793177	99.663559
15047.000000	4.616871	99.650907
15047.000000	5.440564	99.638051
15047.000000	6.264258	99.625093
15047.000000	7.087952	99.611659
15047.000000	7.911645	99.597433
15047.000000	8.735339	99.581903
15047.000000	9.559032	99.564584
15047.000000	10.382726	99.545099
15047.000000	11.206420	99.522747
15047.000000	12.030113	99.498724
15047.000000	12.853807	99.474861
15047.000000	13.677500	99.454153
15047.000000	14.501194	99.435464
15047.000000	15.324888	99.418060
15047.000000	16.148581	99.399655
15047.000000	16.972275	99.376118
15047.000000	17.795968	99.344709
15047.000000	18.619662	99.303002
15047.000000	19.443355	99.247693
15047.000000	20.267049	99.173881
15372.000000	-19.105505	99.334815
15372.000000	-18.281811	99.379773
15372.000000	-17.458118	99.413562
15372.000000	-16.634424	99.438425
15372.000000	-15.810730	99.457405
15372.000000	-14.987037	99.473278
15372.000000	-14.163343	99.489050
15372.000000	-13.339650	99.506819
15372.000000	-12.515956	99.526453
15372.000000	-11.692262	99.548124
15372.000000	-10.868569	99.569370
15372.000000	-10.044875	99.588088
15372.000000	-9.221182	99.604638
15372.000000	-8.397488	99.619130
15372.000000	-7.573794	99.632174
15372.000000	-6.750101	99.644104
15372.000000	-5.926407	99.655331
15372.000000	-5.102714	99.666214
15372.000000	-4.279020	99.676885
15372.000000	-3.455326	99.686945
15372.000000	-2.631633	99.694481
15372.000000	-1.807939	99.693183
15372.000000	2.145790	99.690664
15372.000000	2.969484	99.685016
15372.000000	3.793177	99.674043
15372.000000	4.616871	99.661615
15372.000000	5.440564	99.649023
15372.000000	6.264258	99.636354
15372.000000	7.087952	99.623230
15372.000000	7.911645	99.609342
15372.000000	8.735339	99.594185
15372.000000	9.559032	99.577285
15372.000000	10.382726	99.558269
15372.000000	11.206420	99.536450
15372.000000	12.030113	99.512998
15372.000000	12.853807	99.489698
15372.000000	13.677500	99.469471
15372.000000	14.501194	99.451212
15372.000000	15.324888	99.434200
15372.000000	16.148581	99.416204
15372.000000	16.972275	99.393184
15372.000000	17.795968	99.362458
15372.000000	18.619662	99.321647
15372.000000	19.443355	99.267509
15372.000000	20.267049	99.195235
15697.000000	-19.105505	99.351621
15697.000000	-18.281811	99.395702
15697.000000	-17.458118	99.428821
15697.000000	-16.634424	99.453182
15697.000000	-15.810730	99.471774
15697.000000	-14.987037	99.487319
15697.000000	-14.163343	99.502759
15697.000000	-13.339650	99.520150
15697.000000	-12.515956	99.539361
15697.000000	-11.692262	99.560558
15697.000000	-10.868569	99.581338
15697.000000	-10.044875	99.599643
15697.000000	-9.221182	99.615827
15697.000000	-8.397488	99.630002
15697.000000	-7.573794	99.642765
15697.000000	-6.750101	99.654447
15697.000000	-5.926407	99.665453
15697.000000	-5.102714	99.676140
15697.000000	-4.279020	99.686647
15697.000000	-3.455326	99.696600
15697.000000	-2.631633	99.704159
15697.000000	-1.807939	99.703243
15697.000000	2.145790	99.700677
15697.000000	2.969484	99.694935
15697.000000	3.793177	99.684090
15697.000000	4.616871	99.671877
15697.000000	5.440564	99.659538
15697.000000	6.264258	99.647144
15697.000000	7.087952	99.634319
15697.000000	7.911645	99.620754
15697.000000	8.735339	99.605955
15697.000000	9.559032	99.589457
15697.000000	10.382726	99.570891
15697.000000	11.206420	99.549586
15697.000000	12.030113	99.526682
15697.000000	12.853807	99.503921
15697.000000	13.677500	99.484158
15697.000000	14.501194	99.466312
15697.000000	15.324888	99.449680
15697.000000	16.148581	99.432078
15697.000000	16.972275	99.409557
15697.000000	17.795968	99.379488
15697.000000	18.619662	99.339541
15697.000000	19.443355	99.286532
15697.000000	20.267049	99.215742
16022.000000	-19.105505	99.367798
16022.000000	-18.281811	99.411032
16022.000000	-17.458118	99.443501
16022.000000	-16.634424	99.467376
16022.000000	-15.810730	99.485593
16022.000000	-14.987037	99.500819
16022.000000	-14.163343	99.515938
16022.000000	-13.339650	99.532965
16022.000000	-12.515956	99.551767
16022.000000	-11.692262	99.572507
16022.000000	-10.868569	99.592837
16022.000000	-10.044875	99.610743
16022.000000	-9.221182	99.626576
16022.000000	-8.397488	99.640443
16022.000000	-7.573794	99.652936
16022.000000	-6.750101	99.664379
16022.000000	-5.926407	99.675172
16022.000000	-5.102714	99.685670
16022.000000	-4.279020	99.696019
16022.000000	-3.455326	99.705868
16022.000000	-2.631633	99.713448
16022.000000	-1.807939	99.712900
16022.000000	2.145790	99.710284
16022.000000	2.969484	99.704451
16022.000000	3.793177	99.693729
16022.000000	4.616871	99.681721
16022.000000	5.440564	99.669624
16022.000000	6.264258	99.657494
16022.000000	7.087952	99.644954
16022.000000	7.911645	99.631700
16022.000000	8.735339	99.617246
16022.000000	9.559032	99.601132
16022.000000	10.382726	99.583000
16022.000000	11.206420	99.562187
16022.000000	12.030113	99.539810
16022.000000	12.853807	99.517569
16022.000000	13.677500	99.498252
16022.000000	14.501194	99.480804
16022.000000	15.324888	99.464538
16022.000000	16.148581	99.447317
16022.000000	16.972275	99.425277
16022.000000	17.795968	99.395844
16022.000000	18.619662	99.356730
16022.000000	19.443355	99.304810
16022.000000	20.267049	99.235450
16347.000000	-19.105505	99.383391
16347.000000	-18.281811	99.425793
16347.000000	-17.458118	99.457636
16347.000000	-16.634424	99.481039
16347.000000	-15.810730	99.498891
16347.000000	-14.987037	99.513810
16347.000000	-14.163343	99.528618
16347.000000	-13.339650	99.545292
16347.000000	-12.515956	99.563699
16347.000000	-11.692262	99.583997
16347.000000	-10.868569	99.603894
16347.000000	-10.044875	99.621416
16347.000000	-9.221182	99.636908
16347.000000	-8.397488	99.650480
16347.000000	-7.573794	99.662712
16347.000000	-6.750101	99.673924
16347.000000	-5.926407	99.684512
16347.000000	-5.102714	99.694827
16347.000000	-4.279020	99.705024
16347.000000	-3.455326	99.714772
16347.000000	-2.631633	99.722371
16347.000000	-1.807939	99.722177
16347.000000	2.145790	99.719507
16347.000000	2.969484	99.713587
16347.000000	3.793177	99.702982
16347.000000	4.616871	99.691171
16347.000000	5.440564	99.679306
16347.000000	6.264258	99.667430
16347.000000	7.087952	99.655164
16347.000000	7.911645	99.642208
16347.000000	8.735339	99.628084
16347.000000	9.559032	99.612342
16347.000000	10.382726	99.594625
16347.000000	11.206420	99.574286
16347.000000	12.030113	99.552417
16347.000000	12.853807	99.530675
16347.000000	13.677500	99.511788
16347.000000	14.501194	99.494725
16347.000000	15.324888	99.478811
16347.000000	16.148581	99.461958
16347.000000	16.972275	99.440384
16347.000000	17.795968	99.411563
16347.000000	18.619662	99.373255
16347.000000	19.443355	99.322381
16347.000000	20.267049	99.254425
16672.000000	-19.105505	99.378870
16672.000000	-18.281811	99.439625
16672.000000	-17.458118	99.471254
16672.000000	-16.634424	99.494201
16672.000000	-15.810730	99.511699
16672.000000	-14.987037	99.526319
16672.000000	-14.163343	99.540826
16672.000000	-13.339650	99.557158
16672.000000	-12.515956	99.575184
16672.000000	-11.692262	99.595056
16672.000000	-10.868569	99.614533
16672.000000	-10.044875	99.631684
16672.000000	-9.221182	99.646849
16672.000000	-8.397488	99.660136
16672.000000	-7.573794	99.672116
16672.000000	-6.750101	99.683104
16672.000000	-5.926407	99.693494
16672.000000	-5.102714	99.703634
16672.000000	-4.279020	99.713683
16672.000000	-3.455326	99.723333
16672.000000	-2.631633	99.730949
16672.000000	-1.807939	99.731094
16672.000000	2.145790	99.728369
16672.000000	2.969484	99.722364
16672.000000	3.793177	99.711873
16672.000000	4.616871	99.700251
16672.000000	5.440564	99.688608
16672.000000	6.264258	99.676974
16672.000000	7.087952	99.664972
16672.000000	7.911645	99.652303
16672.000000	8.735339	99.638498
16672.000000	9.559032	99.623112
16672.000000	10.382726	99.605796
16672.000000	11.206420	99.585913
16672.000000	12.030113	99.564533
16672.000000	12.853807	99.543272
16672.000000	13.677500	99.524800
16672.000000	14.501194	99.508106
16672.000000	15.324888	99.492533
16672.000000	16.148581	99.476037
16672.000000	16.972275	99.454913
16672.000000	17.795968	99.426684
16672.000000	18.619662	99.389153
16672.000000	19.443355	99.339293
16672.000000	20.267049	99.272673
16997.000000	-19.105505	99.367050
16997.000000	-18.281811	99.429264
16997.000000	-17.458118	99.482392
16997.000000	-16.634424	99.506888
16997.000000	-15.810730	99.524043
16997.000000	-14.987037	99.538372
16997.000000	-14.163343	99.552588
16997.000000	-13.339650	99.568590
16997.000000	-12.515956	99.586247
16997.000000	-11.692262	99.605707
16997.000000	-10.868569	99.624778
16997.000000	-10.044875	99.641570
16997.000000	-9.221182	99.656419
16997.000000	-8.397488	99.669431
16997.000000	-7.573794	99.681167
16997.000000	-6.750101	99.691940
16997.000000	-5.926407	99.702138
16997.000000	-5.102714	99.712109
16997.000000	-4.279020	99.722016
16997.000000	-3.455326	99.731570
16997.000000	-2.631633	99.739201
16997.000000	-1.807939	99.739671
16997.000000	2.145790	99.736891
16997.000000	2.969484	99.730805
16997.000000	3.793177	99.720423
16997.000000	4.616871	99.708982
16997.000000	5.440564	99.697552
16997.000000	6.264258	99.686151
16997.000000	7.087952	99.674403
16997.000000	7.911645	99.662010
16997.000000	8.735339	99.648511
16997.000000	9.559032	99.633468
16997.000000	10.382726	99.616538
16997.000000	11.206420	99.597094
16997.000000	12.030113	99.576185
16997.000000	12.853807	99.555389
16997.000000	13.677500	99.537316
16997.000000	14.501194	99.520980
16997.000000	15.324888	99.505736
16997.000000	16.148581	99.489587
16997.000000	16.972275	99.468890
16997.000000	17.795968	99.441254
16997.000000	18.619662	99.404429
16997.000000	19.443355	99.338767
16997.000000	20.267049	99.259662
17322.000000	-19.105505	99.355948
17322.000000	-18.281811	99.418736
17322.000000	-17.458118	99.473098
17322.000000	-16.634424	99.519122
17322.000000	-15.810730	99.535947
17322.000000	-14.987037	99.549996
17322.000000	-14.163343	99.563927
17322.000000	-13.339650	99.579611
17322.000000	-12.515956	99.596910
17322.000000	-11.692262	99.615971
17322.000000	-10.868569	99.634651
17322.000000	-10.044875	99.651096
17322.000000	-9.221182	99.665640
17322.000000	-8.397488	99.678386
17322.000000	-7.573794	99.689887
17322.000000	-6.750101	99.700451
17322.000000	-5.926407	99.710464
17322.000000	-5.102714	99.720272
17322.000000	-4.279020	99.730040
17322.000000	-3.455326	99.739501
17322.000000	-2.631633	99.747146
17322.000000	-1.807939	99.747928
17322.000000	2.145790	99.745092
17322.000000	2.969484	99.738927
17322.000000	3.793177	99.728650
17322.000000	4.616871	99.717383
17322.000000	5.440564	99.706158
17322.000000	6.264258	99.694981
17322.000000	7.087952	99.683476
17322.000000	7.911645	99.671350
17322.000000	8.735339	99.658146
17322.000000	9.559032	99.643434
17322.000000	10.382726	99.626876
17322.000000	11.206420	99.607856
17322.000000	12.030113	99.587401
17322.000000	12.853807	99.567052
17322.000000	13.677500	99.549364
17322.000000	14.501194	99.533374
17322.000000	15.324888	99.518450
17322.000000	16.148581	99.502626
17322.000000	16.972275	99.482377
17322.000000	17.795968	99.451773
17322.000000	18.619662	99.394153
17322.000000	19.443355	99.326257
17322.000000	20.267049	99.247115
17647.000000	-19.105505	99.343158
17647.000000	-18.281811	99.408612
17647.000000	-17.458118	99.463724
17647.000000	-16.634424	99.511535
17647.000000	-15.810730	99.547437
17647.000000	-14.987037	99.561210
17647.000000	-14.163343	99.574869
17647.000000	-13.339650	99.590241
17647.000000	-12.515956	99.607195
17647.000000	-11.692262	99.625870
17647.000000	-10.868569	99.644171
17647.000000	-10.044875	99.660281
17647.000000	-9.221182	99.674530
17647.000000	-8.397488	99.687019
17647.000000	-7.573794	99.698292
17647.000000	-6.750101	99.708654
17647.000000	-5.926407	99.718489
17647.000000	-5.102714	99.728139
17647.000000	-4.279020	99.737774
17647.000000	-3.455326	99.747144
17647.000000	-2.631633	99.754800
17647.000000	-1.807939	99.755879
17647.000000	2.145790	99.752991
17647.000000	2.969484	99.746750
17647.000000	3.793177	99.736572
17647.000000	4.616871	99.725473
17647.000000	5.440564	99.714445
17647.000000	6.264258	99.703483
17647.000000	7.087952	99.692214
17647.000000	7.911645	99.680344
17647.000000	8.735339	99.667424
17647.000000	9.559032	99.653031
17647.000000	10.382726	99.636832
17647.000000	11.206420	99.618221
17647.000000	12.030113	99.598204
17647.000000	12.853807	99.578287
17647.000000	13.677500	99.560971
17647.000000	14.501194	99.545315
17647.000000	15.324888	99.530695
17647.000000	16.148581	99.515212
17647.000000	16.972275	99.492729
17647.000000	17.795968	99.442130
17647.000000	18.619662	99.383051
17647.000000	19.443355	99.314606
17647.000000	20.267049	99.248480
17972.000000	-19.105505	99.335358
17972.000000	-18.281811	99.397819
17972.000000	-17.458118	99.454487
17972.000000	-16.634424	99.503131
17972.000000	-15.810730	99.545717
17972.000000	-14.987037	99.572041
17972.000000	-14.163343	99.585429
17972.000000	-13.339650	99.600503
17972.000000	-12.515956	99.617121
17972.000000	-11.692262	99.635423
17972.000000	-10.868569	99.653357
17972.000000	-10.044875	99.669143
17972.000000	-9.221182	99.683106
17972.000000	-8.397488	99.695346
17972.000000	-7.573794	99.706399
17972.000000	-6.750101	99.716566
17972.000000	-5.926407	99.726228
17972.000000	-5.102714	99.735725
17972.000000	-4.279020	99.745231
17972.000000	-3.455326	99.754514
17972.000000	-2.631633	99.762180
17972.000000	-1.807939	99.763543
17972.000000	2.145790	99.760605
17972.000000	2.969484	99.754289
17972.000000	3.793177	99.744207
17972.000000	4.616871	99.733270
17972.000000	5.440564	99.722430
17972.000000	6.264258	99.711676
17972.000000	7.087952	99.700633
17972.000000	7.911645	99.689011
17972.000000	8.735339	99.676365
17972.000000	9.559032	99.662280
17972.000000	10.382726	99.646426
17972.000000	11.206420	99.628210
17972.000000	12.030113	99.608616
17972.000000	12.853807	99.589116
17972.000000	13.677500	99.572160
17972.000000	14.501194	99.556826
17972.000000	15.324888	99.542512
17972.000000	16.148581	99.527316
17972.000000	16.972275	99.484030
17972.000000	17.795968	99.432253
17972.000000	18.619662	99.372458
17972.000000	19.443355	99.310973
17972.000000	20.267049	99.255360
18297.000000	-19.105505	99.339635
18297.000000	-18.281811	99.389156
18297.000000	-17.458118	99.445151
18297.000000	-16.634424	99.494740
18297.000000	-15.810730	99.538128
18297.000000	-14.987037	99.577262
18297.000000	-14.163343	99.595632
18297.000000	-13.339650	99.610414
18297.000000	-12.515956	99.626708
18297.000000	-11.692262	99.644648
18297.000000	-10.868569	99.662227
18297.000000	-10.044875	99.677699
18297.000000	-9.221182	99.691385
18297.000000	-8.397488	99.703385
18297.000000	-7.573794	99.714224
18297.000000	-6.750101	99.724202
18297.000000	-5.926407	99.733697
18297.000000	-5.102714	99.743047
18297.000000	-4.279020	99.752428
18297.000000	-3.455326	99.761625
18297.000000	-2.631633	99.769299
18297.000000	-1.807939	99.770933
18297.000000	2.145790	99.767949
18297.000000	2.969484	99.761560
18297.000000	3.793177	99.751570
18297.000000	4.616871	99.740787
18297.000000	5.440564	99.730130
18297.000000	6.264258	99.719576
18297.000000	7.087952	99.708752
18297.000000	7.911645	99.697368
18297.000000	8.735339	99.684987
18297.000000	9.559032	99.671198
18297.000000	10.382726	99.655679
18297.000000	11.206420	99.637843
18297.000000	12.030113	99.618658
18297.000000	12.853807	99.599561
18297.000000	13.677500	99.582954
18297.000000	14.501194	99.567932
18297.000000	15.324888	99.553906
18297.000000	16.148581	99.520959
18297.000000	16.972275	99.475262
18297.000000	17.795968	99.422573
18297.000000	18.619662	99.367504
18297.000000	19.443355	99.319521
18297.000000	20.267049	99.256914
18622.000000	-19.105505	99.346499
18622.000000	-18.281811	99.394470
18622.000000	-17.458118	99.438085
18622.000000	-16.634424	99.486384
18622.000000	-15.810730	99.530537
18622.000000	-14.987037	99.570393
18622.000000	-14.163343	99.605493
18622.000000	-13.339650	99.619992
18622.000000	-12.515956	99.635971
18622.000000	-11.692262	99.653561
18622.000000	-10.868569	99.670796
18622.000000	-10.044875	99.685965
18622.000000	-9.221182	99.699383
18622.000000	-8.397488	99.711149
18622.000000	-7.573794	99.721781
18622.000000	-6.750101	99.731577
18622.000000	-5.926407	99.740909
18622.000000	-5.102714	99.750116
18622.000000	-4.279020	99.759377
18622.000000	-3.455326	99.768492
18622.000000	-2.631633	99.776172
18622.000000	-1.807939	99.778064
18622.000000	2.145790	99.775039
18622.000000	2.969484	99.768577
18622.000000	3.793177	99.758675
18622.000000	4.616871	99.748041
18622.000000	5.440564	99.737561
18622.000000	6.264258	99.727200
18622.000000	7.087952	99.716586
18622.000000	7.911645	99.705431
18622.000000	8.735339	99.693306
18622.000000	9.559032	99.679804
18622.000000	10.382726	99.664607
18622.000000	11.206420	99.647140
18622.000000	12.030113	99.628350
18622.000000	12.853807	99.609642
18622.000000	13.677500	99.593372
18622.000000	14.501194	99.578653
18622.000000	15.324888	99.554416
18622.000000	16.148581	99.513055
18622.000000	16.972275	99.466695
18622.000000	17.795968	99.419481
18622.000000	18.619662	99.376224
18622.000000	19.443355	99.323670
18622.000000	20.267049	99.255487
18947.000000	-19.105505	99.349392
18947.000000	-18.281811	99.401325
18947.000000	-17.458118	99.445067
18947.000000	-16.634424	99.484927
18947.000000	-15.810730	99.523490
18947.000000	-14.987037	99.563452
18947.000000	-14.163343	99.602062
18947.000000	-13.339650	99.629221
18947.000000	-12.515956	99.644931
18947.000000	-11.692262	99.662181
18947.000000	-10.868569	99.679078
18947.000000	-10.044875	99.693955
18947.000000	-9.221182	99.707113
18947.000000	-8.397488	99.718652
18947.000000	-7.573794	99.729084
18947.000000	-6.750101	99.738703
18947.000000	-5.926407	99.747878
18947.000000	-5.102714	99.756947
18947.000000	-4.279020	99.766091
18947.000000	-3.455326	99.775127
18947.000000	-2.631633	99.782812
18947.000000	-1.807939	99.784947
18947.000000	2.145790	99.781888
18947.000000	2.969484	99.775354
18947.000000	3.793177	99.765535
18947.000000	4.616871	99.755045
18947.000000	5.440564	99.744735
18947.000000	6.264258	99.734562
18947.000000	7.087952	99.724150
18947.000000	7.911645	99.713217
18947.000000	8.735339	99.701338
18947.000000	9.559032	99.688113
18947.000000	10.382726	99.673227
18947.000000	11.206420	99.656115
18947.000000	12.030113	99.637717
18947.000000	12.853807	99.619364
18947.000000	13.677500	99.603426
18947.000000	14.501194	99.586522
18947.000000	15.324888	99.547012
18947.000000	16.148581	99.507577
18947.000000	16.972275	99.468909
18947.000000	17.795968	99.427778
18947.000000	18.619662	99.381246
18947.000000	19.443355	99.325367
18947.000000	20.267049	99.251458
19272.000000	-19.105505	99.350656
19272.000000	-18.281811	99.405417
19272.000000	-17.458118	99.451131
19272.000000	-16.634424	99.491823
19272.000000	-15.810730	99.529552
19272.000000	-14.987037	99.565384
19272.000000	-14.163343	99.598359
19272.000000	-13.339650	99.632877
19272.000000	-12.515956	99.653646
19272.000000	-11.692262	99.670560
19272.000000	-10.868569	99.687064
19272.000000	-10.044875	99.701687
19272.000000	-9.221182	99.714593
19272.000000	-8.397488	99.725906
19272.000000	-7.573794	99.736145
19272.000000	-6.750101	99.745593
19272.000000	-5.926407	99.754616
19272.000000	-5.102714	99.763550
19272.000000	-4.279020	99.772581
19272.000000	-3.455326	99.781541
19272.000000	-2.631633	99.789230
19272.000000	-1.807939	99.791596
19272.000000	2.145790	99.788509
19272.000000	2.969484	99.781903
19272.000000	3.793177	99.772164
19272.000000	4.616871	99.761811
19272.000000	5.440564	99.751666
19272.000000	6.264258	99.741675
19272.000000	7.087952	99.731460
19272.000000	7.911645	99.720738
19272.000000	8.735339	99.709096
19272.000000	9.559032	99.696148
19272.000000	10.382726	99.681549
19272.000000	11.206420	99.664764
19272.000000	12.030113	99.646867
19272.000000	12.853807	99.628592
19272.000000	13.677500	99.613271
19272.000000	14.501194	99.585046
19272.000000	15.324888	99.550991
19272.000000	16.148581	99.514326
19272.000000	16.972275	99.475594
19272.000000	17.795968	99.433163
19272.000000	18.619662	99.384307
19272.000000	19.443355	99.324772
19272.000000	20.267049	99.246131
19597.000000	-19.105505	99.350518
19597.000000	-18.281811	99.407679
19597.000000	-17.458118	99.455543
19597.000000	-16.634424	99.497384
19597.000000	-15.810730	99.535610
19597.000000	-14.987037	99.571209
19597.000000	-14.163343	99.605007
19597.000000	-13.339650	99.634926
19597.000000	-12.515956	99.662325
19597.000000	-11.692262	99.678365
19597.000000	-10.868569	99.694987
19597.000000	-10.044875	99.709141
19597.000000	-9.221182	99.721805
19597.000000	-8.397488	99.732937
19597.000000	-7.573794	99.742977
19597.000000	-6.750101	99.752256
19597.000000	-5.926407	99.761134
19597.000000	-5.102714	99.769938
19597.000000	-4.279020	99.778860
19597.000000	-3.455326	99.787746
19597.000000	-2.631633	99.795437
19597.000000	-1.807939	99.798020
19597.000000	2.145790	99.794913
19597.000000	2.969484	99.788237
19597.000000	3.793177	99.778572
19597.000000	4.616871	99.768352
19597.000000	5.440564	99.758368
19597.000000	6.264258	99.748551
19597.000000	7.087952	99.738523
19597.000000	7.911645	99.728016
19597.000000	8.735339	99.716603
19597.000000	9.559032	99.703864
19597.000000	10.382726	99.689648
19597.000000	11.206420	99.673297
19597.000000	12.030113	99.655050
19597.000000	12.853807	99.640321
19597.000000	13.677500	99.623216
19597.000000	14.501194	99.591432
19597.000000	15.324888	99.556856
19597.000000	16.148581	99.520300
19597.000000	16.972275	99.480763
19597.000000	17.795968	99.436804
19597.000000	18.619662	99.385681
19597.000000	19.443355	99.322271
19597.000000	20.267049	99.239836
19922.000000	-19.105505	99.348984
19922.000000	-18.281811	99.408478
19922.000000	-17.458118	99.458569
19922.000000	-16.634424	99.501653
19922.000000	-15.810730	99.540528
19922.000000	-14.987037	99.576429
19922.000000	-14.163343	99.609854
19922.000000	-13.339650	99.640806
19922.000000	-12.515956	99.669489
19922.000000	-11.692262	99.687799
19922.000000	-10.868569	99.701531
19922.000000	-10.044875	99.716531
19922.000000	-9.221182	99.728933
19922.000000	-8.397488	99.739668
19922.000000	-7.573794	99.749584
19922.000000	-6.750101	99.758722
19922.000000	-5.926407	99.767440
19922.000000	-5.102714	99.776117
19922.000000	-4.279020	99.784938
19922.000000	-3.455326	99.793752
19922.000000	-2.631633	99.801443
19922.000000	-1.807939	99.804230
19922.000000	2.145790	99.801113
19922.000000	2.969484	99.794365
19922.000000	3.793177	99.784772
19922.000000	4.616871	99.774678
19922.000000	5.440564	99.764846
19922.000000	6.264258	99.755207
19922.000000	7.087952	99.745374
19922.000000	7.911645	99.735011
19922.000000	8.735339	99.723822
19922.000000	9.559032	99.711617
19922.000000	10.382726	99.697161
19922.000000	11.206420	99.680557
19922.000000	12.030113	99.668431
19922.000000	12.853807	99.657962
19922.000000	13.677500	99.628414
19922.000000	14.501194	99.596438
19922.000000	15.324888	99.562028
19922.000000	16.148581	99.524994
19922.000000	16.972275	99.484626
19922.000000	17.795968	99.439007
19922.000000	18.619662	99.385617
19922.000000	19.443355	99.318258
19922.000000	20.267049	99.232098
