Plot Name 
Original mesh grid size: 60 rows, 45 columns
x	y	z
747.000000	-19.105505	6.814721
747.000000	-18.281811	6.833630
747.000000	-17.458118	6.881758
747.000000	-16.634424	6.957949
747.000000	-15.810730	7.055051
747.000000	-14.987037	7.162611
747.000000	-14.163343	7.263899
747.000000	-13.339650	7.345516
747.000000	-12.515956	7.403079
747.000000	-11.692262	7.431736
747.000000	-10.868569	7.449917
747.000000	-10.044875	7.474587
747.000000	-9.221182	7.507432
747.000000	-8.397488	7.551699
747.000000	-7.573794	7.607603
747.000000	-6.750101	7.677720
747.000000	-5.926407	7.764963
747.000000	-5.102714	7.874897
747.000000	-4.279020	8.019662
747.000000	-3.455326	8.225855
747.000000	-2.631633	8.562973
747.000000	-1.807939	9.248065
747.000000	2.145790	10.785158
747.000000	2.969484	11.194957
747.000000	3.793177	11.827140
747.000000	4.616871	12.500159
747.000000	5.440564	13.130356
747.000000	6.264258	13.684443
747.000000	7.087952	14.158636
747.000000	7.911645	14.556791
747.000000	8.735339	14.897839
747.000000	9.559032	15.199594
747.000000	10.382726	15.471852
747.000000	11.206420	15.737686
747.000000	12.030113	15.939474
747.000000	12.853807	16.055083
747.000000	13.677500	16.022238
747.000000	14.501194	15.878066
747.000000	15.324888	15.659892
747.000000	16.148581	15.422542
747.000000	16.972275	15.250844
747.000000	17.795968	15.182076
747.000000	18.619662	15.235924
747.000000	19.443355	15.434594
747.000000	20.267049	15.803090
1072.000000	-19.105505	5.956674
1072.000000	-18.281811	5.905164
1072.000000	-17.458118	5.886409
1072.000000	-16.634424	5.897771
1072.000000	-15.810730	5.930157
1072.000000	-14.987037	5.971709
1072.000000	-14.163343	6.005089
1072.000000	-13.339650	6.017011
1072.000000	-12.515956	6.004638
1072.000000	-11.692262	5.964486
1072.000000	-10.868569	5.915089
1072.000000	-10.044875	5.873011
1072.000000	-9.221182	5.839103
1072.000000	-8.397488	5.815594
1072.000000	-7.573794	5.801507
1072.000000	-6.750101	5.797844
1072.000000	-5.926407	5.805510
1072.000000	-5.102714	5.827192
1072.000000	-4.279020	5.870247
1072.000000	-3.455326	5.952107
1072.000000	-2.631633	6.120417
1072.000000	-1.807939	6.525900
1072.000000	2.145790	7.225061
1072.000000	2.969484	7.381239
1072.000000	3.793177	7.686784
1072.000000	4.616871	8.030508
1072.000000	5.440564	8.366881
1072.000000	6.264258	8.680090
1072.000000	7.087952	8.969321
1072.000000	7.911645	9.236577
1072.000000	8.735339	9.490942
1072.000000	9.559032	9.740737
1072.000000	10.382726	9.990309
1072.000000	11.206420	10.251318
1072.000000	12.030113	10.490061
1072.000000	12.853807	10.683545
1072.000000	13.677500	10.785780
1072.000000	14.501194	10.817573
1072.000000	15.324888	10.798587
1072.000000	16.148581	10.765007
1072.000000	16.972275	10.776202
1072.000000	17.795968	10.861757
1072.000000	18.619662	11.040179
1072.000000	19.443355	11.333571
1072.000000	20.267049	11.769419
1397.000000	-19.105505	5.257776
1397.000000	-18.281811	5.168383
1397.000000	-17.458118	5.113550
1397.000000	-16.634424	5.089610
1397.000000	-15.810730	5.086713
1397.000000	-14.987037	5.092835
1397.000000	-14.163343	5.091326
1397.000000	-13.339650	5.069811
1397.000000	-12.515956	5.026463
1397.000000	-11.692262	4.958712
1397.000000	-10.868569	4.884000
1397.000000	-10.044875	4.817580
1397.000000	-9.221182	4.759761
1397.000000	-8.397488	4.712098
1397.000000	-7.573794	4.673113
1397.000000	-6.750101	4.643062
1397.000000	-5.926407	4.621984
1397.000000	-5.102714	4.611295
1397.000000	-4.279020	4.616075
1397.000000	-3.455326	4.649161
1397.000000	-2.631633	4.746699
1397.000000	-1.807939	5.023807
1397.000000	2.145790	5.411694
1397.000000	2.969484	5.485652
1397.000000	3.793177	5.672521
1397.000000	4.616871	5.892018
1397.000000	5.440564	6.112956
1397.000000	6.264258	6.325231
1397.000000	7.087952	6.528702
1397.000000	7.911645	6.724849
1397.000000	8.735339	6.919638
1397.000000	9.559032	7.118512
1397.000000	10.382726	7.324422
1397.000000	11.206420	7.545208
1397.000000	12.030113	7.757975
1397.000000	12.853807	7.942813
1397.000000	13.677500	8.064084
1397.000000	14.501194	8.136390
1397.000000	15.324888	8.172486
1397.000000	16.148581	8.199285
1397.000000	16.972275	8.261928
1397.000000	17.795968	8.384191
1397.000000	18.619662	8.581952
1397.000000	19.443355	8.874655
1397.000000	20.267049	9.287569
1722.000000	-19.105505	4.689877
1722.000000	-18.281811	4.580358
1722.000000	-17.458118	4.505974
1722.000000	-16.634424	4.462398
1722.000000	-15.810730	4.439593
1722.000000	-14.987037	4.425845
1722.000000	-14.163343	4.405529
1722.000000	-13.339650	4.367276
1722.000000	-12.515956	4.309880
1722.000000	-11.692262	4.231354
1722.000000	-10.868569	4.147772
1722.000000	-10.044875	4.072973
1722.000000	-9.221182	4.006913
1722.000000	-8.397488	3.950693
1722.000000	-7.573794	3.902619
1722.000000	-6.750101	3.862551
1722.000000	-5.926407	3.830102
1722.000000	-5.102714	3.806018
1722.000000	-4.279020	3.794076
1722.000000	-3.455326	3.804356
1722.000000	-2.631633	3.865877
1722.000000	-1.807939	4.071469
1722.000000	2.145790	4.312424
1722.000000	2.969484	4.351618
1722.000000	3.793177	4.481434
1722.000000	4.616871	4.639163
1722.000000	5.440564	4.801156
1722.000000	6.264258	4.960064
1722.000000	7.087952	5.115980
1722.000000	7.911645	5.270122
1722.000000	8.735339	5.426964
1722.000000	9.559032	5.590606
1722.000000	10.382726	5.763391
1722.000000	11.206420	5.951306
1722.000000	12.030113	6.137299
1722.000000	12.853807	6.304291
1722.000000	13.677500	6.423298
1722.000000	14.501194	6.505679
1722.000000	15.324888	6.560725
1722.000000	16.148581	6.609927
1722.000000	16.972275	6.689755
1722.000000	17.795968	6.820096
1722.000000	18.619662	7.014779
1722.000000	19.443355	7.291013
1722.000000	20.267049	7.671778
2047.000000	-19.105505	4.223444
2047.000000	-18.281811	4.103757
2047.000000	-17.458118	4.019017
2047.000000	-16.634424	3.964497
2047.000000	-15.810730	3.930254
2047.000000	-14.987037	3.905065
2047.000000	-14.163343	3.874364
2047.000000	-13.339650	3.827713
2047.000000	-12.515956	3.764299
2047.000000	-11.692262	3.682515
2047.000000	-10.868569	3.597101
2047.000000	-10.044875	3.520600
2047.000000	-9.221182	3.452740
2047.000000	-8.397488	3.394306
2047.000000	-7.573794	3.343526
2047.000000	-6.750101	3.300037
2047.000000	-5.926407	3.263229
2047.000000	-5.102714	3.233459
2047.000000	-4.279020	3.213672
2047.000000	-3.455326	3.212113
2047.000000	-2.631633	3.252944
2047.000000	-1.807939	3.413709
2047.000000	2.145790	3.574735
2047.000000	2.969484	3.596893
2047.000000	3.793177	3.694523
2047.000000	4.616871	3.816313
2047.000000	5.440564	3.943276
2047.000000	6.264258	4.069685
2047.000000	7.087952	4.195734
2047.000000	7.911645	4.322478
2047.000000	8.735339	4.453526
2047.000000	9.559032	4.592200
2047.000000	10.382726	4.740493
2047.000000	11.206420	4.903299
2047.000000	12.030113	5.067161
2047.000000	12.853807	5.217262
2047.000000	13.677500	5.329214
2047.000000	14.501194	5.412362
2047.000000	15.324888	5.473977
2047.000000	16.148581	5.531989
2047.000000	16.972275	5.617063
2047.000000	17.795968	5.746349
2047.000000	18.619662	5.932131
2047.000000	19.443355	6.189889
2047.000000	20.267049	6.540679
2372.000000	-19.105505	3.835206
2372.000000	-18.281811	3.711092
2372.000000	-17.458118	3.621290
2372.000000	-16.634424	3.560845
2372.000000	-15.810730	3.520052
2372.000000	-14.987037	3.488232
2372.000000	-14.163343	3.451817
2372.000000	-13.339650	3.401194
2372.000000	-12.515956	3.335803
2372.000000	-11.692262	3.254302
2372.000000	-10.868569	3.170216
2372.000000	-10.044875	3.094954
2372.000000	-9.221182	3.028100
2372.000000	-8.397488	2.970211
2372.000000	-7.573794	2.919510
2372.000000	-6.750101	2.875503
2372.000000	-5.926407	2.837461
2372.000000	-5.102714	2.805501
2372.000000	-4.279020	2.781995
2372.000000	-3.455326	2.773879
2372.000000	-2.631633	2.801794
2372.000000	-1.807939	2.932142
2372.000000	2.145790	3.045392
2372.000000	2.969484	3.058411
2372.000000	3.793177	3.135896
2372.000000	4.616871	3.234548
2372.000000	5.440564	3.338556
2372.000000	6.264258	3.443259
2372.000000	7.087952	3.548904
2372.000000	7.911645	3.656435
2372.000000	8.735339	3.768889
2372.000000	9.559032	3.889081
2372.000000	10.382726	4.018772
2372.000000	11.206420	4.162128
2372.000000	12.030113	4.308098
2372.000000	12.853807	4.443659
2372.000000	13.677500	4.547779
2372.000000	14.501194	4.628425
2372.000000	15.324888	4.691558
2372.000000	16.148581	4.752586
2372.000000	16.972275	4.838009
2372.000000	17.795968	4.962943
2372.000000	18.619662	5.138478
2372.000000	19.443355	5.378720
2372.000000	20.267049	5.703130
2697.000000	-19.105505	3.507812
2697.000000	-18.281811	3.382649
2697.000000	-17.458118	3.290911
2697.000000	-16.634424	3.227533
2697.000000	-15.810730	3.183115
2697.000000	-14.987037	3.147526
2697.000000	-14.163343	3.108102
2697.000000	-13.339650	3.055955
2697.000000	-12.515956	2.990695
2697.000000	-11.692262	2.911170
2697.000000	-10.868569	2.829827
2697.000000	-10.044875	2.757100
2697.000000	-9.221182	2.692477
2697.000000	-8.397488	2.636354
2697.000000	-7.573794	2.586979
2697.000000	-6.750101	2.543783
2697.000000	-5.926407	2.505976
2697.000000	-5.102714	2.473519
2697.000000	-4.279020	2.448370
2697.000000	-3.455326	2.436485
2697.000000	-2.631633	2.455832
2697.000000	-1.807939	2.564330
2697.000000	2.145790	2.647040
2697.000000	2.969484	2.654870
2697.000000	3.793177	2.718796
2697.000000	4.616871	2.801463
2697.000000	5.440564	2.889371
2697.000000	6.264258	2.978614
2697.000000	7.087952	3.069466
2697.000000	7.911645	3.162790
2697.000000	8.735339	3.261220
2697.000000	9.559032	3.367210
2697.000000	10.382726	3.482346
2697.000000	11.206420	3.610275
2697.000000	12.030113	3.741656
2697.000000	12.853807	3.864908
2697.000000	13.677500	3.961552
2697.000000	14.501194	4.038550
2697.000000	15.324888	4.100948
2697.000000	16.148581	4.162271
2697.000000	16.972275	4.245877
2697.000000	17.795968	4.365305
2697.000000	18.619662	4.530686
2697.000000	19.443355	4.755009
2697.000000	20.267049	5.056388
3022.000000	-19.105505	3.228404
3022.000000	-18.281811	3.104200
3022.000000	-17.458118	3.012403
3022.000000	-16.634424	2.947916
3022.000000	-15.810730	2.901676
3022.000000	-14.987037	2.864071
3022.000000	-14.163343	2.823258
3022.000000	-13.339650	2.770978
3022.000000	-12.515956	2.706960
3022.000000	-11.692262	2.630193
3022.000000	-10.868569	2.552179
3022.000000	-10.044875	2.482509
3022.000000	-9.221182	2.420610
3022.000000	-8.397488	2.366758
3022.000000	-7.573794	2.319247
3022.000000	-6.750101	2.277465
3022.000000	-5.926407	2.240595
3022.000000	-5.102714	2.208491
3022.000000	-4.279020	2.182797
3022.000000	-3.455326	2.168712
3022.000000	-2.631633	2.182106
3022.000000	-1.807939	2.274226
3022.000000	2.145790	2.336407
3022.000000	2.969484	2.341189
3022.000000	3.793177	2.395483
3022.000000	4.616871	2.466524
3022.000000	5.440564	2.542564
3022.000000	6.264258	2.620260
3022.000000	7.087952	2.699909
3022.000000	7.911645	2.782305
3022.000000	8.735339	2.869780
3022.000000	9.559032	2.964520
3022.000000	10.382726	3.067972
3022.000000	11.206420	3.183390
3022.000000	12.030113	3.302705
3022.000000	12.853807	3.415512
3022.000000	13.677500	3.505344
3022.000000	14.501194	3.578385
3022.000000	15.324888	3.639017
3022.000000	16.148581	3.699297
3022.000000	16.972275	3.780123
3022.000000	17.795968	3.893772
3022.000000	18.619662	4.049584
3022.000000	19.443355	4.259615
3022.000000	20.267049	4.540818
3347.000000	-19.105505	2.987379
3347.000000	-18.281811	2.865322
3347.000000	-17.458118	2.774597
3347.000000	-16.634424	2.710131
3347.000000	-15.810730	2.663201
3347.000000	-14.987037	2.624683
3347.000000	-14.163343	2.583470
3347.000000	-13.339650	2.531854
3347.000000	-12.515956	2.469651
3347.000000	-11.692262	2.395960
3347.000000	-10.868569	2.321448
3347.000000	-10.044875	2.254980
3347.000000	-9.221182	2.195944
3347.000000	-8.397488	2.144528
3347.000000	-7.573794	2.099076
3347.000000	-6.750101	2.058958
3347.000000	-5.926407	2.023346
3347.000000	-5.102714	1.992022
3347.000000	-4.279020	1.966382
3347.000000	-3.455326	1.951023
3347.000000	-2.631633	1.960128
3347.000000	-1.807939	2.039557
3347.000000	2.145790	2.087394
3347.000000	2.969484	2.090359
3347.000000	3.793177	2.137521
3347.000000	4.616871	2.199765
3347.000000	5.440564	2.266717
3347.000000	6.264258	2.335476
3347.000000	7.087952	2.406349
3347.000000	7.911645	2.480078
3347.000000	8.735339	2.558760
3347.000000	9.559032	2.644367
3347.000000	10.382726	2.738238
3347.000000	11.206420	2.843311
3347.000000	12.030113	2.952504
3347.000000	12.853807	3.056381
3347.000000	13.677500	3.140100
3347.000000	14.501194	3.209231
3347.000000	15.324888	3.267643
3347.000000	16.148581	3.326222
3347.000000	16.972275	3.403881
3347.000000	17.795968	3.511861
3347.000000	18.619662	3.658834
3347.000000	19.443355	3.856061
3347.000000	20.267049	4.119485
3672.000000	-19.105505	2.777467
3672.000000	-18.281811	2.658246
3672.000000	-17.458118	2.569271
3672.000000	-16.634424	2.505526
3672.000000	-15.810730	2.458625
3672.000000	-14.987037	2.419897
3672.000000	-14.163343	2.378895
3672.000000	-13.339650	2.328398
3672.000000	-12.515956	2.268285
3672.000000	-11.692262	2.197742
3672.000000	-10.868569	2.126702
3672.000000	-10.044875	2.063396
3672.000000	-9.221182	2.007191
3672.000000	-8.397488	1.958205
3672.000000	-7.573794	1.914840
3672.000000	-6.750101	1.876456
3672.000000	-5.926407	1.842229
3672.000000	-5.102714	1.811889
3672.000000	-4.279020	1.786633
3672.000000	-3.455326	1.770568
3672.000000	-2.631633	1.776490
3672.000000	-1.807939	1.845821
3672.000000	2.145790	1.883322
3672.000000	2.969484	1.885210
3672.000000	3.793177	1.926915
3672.000000	4.616871	1.982292
3672.000000	5.440564	2.042077
3672.000000	6.264258	2.103716
3672.000000	7.087952	2.167531
3672.000000	7.911645	2.234218
3672.000000	8.735339	2.305685
3672.000000	9.559032	2.383731
3672.000000	10.382726	2.469601
3672.000000	11.206420	2.565983
3672.000000	12.030113	2.666570
3672.000000	12.853807	2.762744
3672.000000	13.677500	2.841003
3672.000000	14.501194	2.906415
3672.000000	15.324888	2.962447
3672.000000	16.148581	3.019019
3672.000000	16.972275	3.093411
3672.000000	17.795968	3.195995
3672.000000	18.619662	3.334872
3672.000000	19.443355	3.520612
3672.000000	20.267049	3.768266
3997.000000	-19.105505	2.593090
3997.000000	-18.281811	2.477082
3997.000000	-17.458118	2.390250
3997.000000	-16.634424	2.327659
3997.000000	-15.810730	2.281245
3997.000000	-14.987037	2.242760
3997.000000	-14.163343	2.202347
3997.000000	-13.339650	2.153219
3997.000000	-12.515956	2.095301
3997.000000	-11.692262	2.027850
3997.000000	-10.868569	1.960151
3997.000000	-10.044875	1.899880
3997.000000	-9.221182	1.846389
3997.000000	-8.397488	1.799746
3997.000000	-7.573794	1.758411
3997.000000	-6.750101	1.721742
3997.000000	-5.926407	1.688925
3997.000000	-5.102714	1.659653
3997.000000	-4.279020	1.634961
3997.000000	-3.455326	1.618546
3997.000000	-2.631633	1.622046
3997.000000	-1.807939	1.683169
3997.000000	2.145790	1.713037
3997.000000	2.969484	1.714305
3997.000000	3.793177	1.751721
3997.000000	4.616871	1.801603
3997.000000	5.440564	1.855596
3997.000000	6.264258	1.911434
3997.000000	7.087952	1.969450
3997.000000	7.911645	2.030302
3997.000000	8.735339	2.095740
3997.000000	9.559032	2.167423
3997.000000	10.382726	2.246513
3997.000000	11.206420	2.335488
3997.000000	12.030113	2.428674
3997.000000	12.853807	2.518147
3997.000000	13.677500	2.591527
3997.000000	14.501194	2.653465
3997.000000	15.324888	2.707102
3997.000000	16.148581	2.761553
3997.000000	16.972275	2.832725
3997.000000	17.795968	2.930249
3997.000000	18.619662	3.061731
3997.000000	19.443355	3.237134
3997.000000	20.267049	3.470715
4322.000000	-19.105505	2.429907
4322.000000	-18.281811	2.317293
4322.000000	-17.458118	2.232818
4322.000000	-16.634424	2.171640
4322.000000	-15.810730	2.126006
4322.000000	-14.987037	2.088053
4322.000000	-14.163343	2.048460
4322.000000	-13.339650	2.000825
4322.000000	-12.515956	1.945111
4322.000000	-11.692262	1.880633
4322.000000	-10.868569	1.816098
4322.000000	-10.044875	1.758693
4322.000000	-9.221182	1.707765
4322.000000	-8.397488	1.663342
4322.000000	-7.573794	1.623939
4322.000000	-6.750101	1.588921
4322.000000	-5.926407	1.557488
4322.000000	-5.102714	1.529302
4322.000000	-4.279020	1.505263
4322.000000	-3.455326	1.488726
4322.000000	-2.631633	1.490348
4322.000000	-1.807939	1.544676
4322.000000	2.145790	1.568793
4322.000000	2.969484	1.569729
4322.000000	3.793177	1.603701
4322.000000	4.616871	1.649095
4322.000000	5.440564	1.698313
4322.000000	6.264258	1.749335
4322.000000	7.087952	1.802501
4322.000000	7.911645	1.858439
4322.000000	8.735339	1.918766
4322.000000	9.559032	1.985017
4322.000000	10.382726	2.058287
4322.000000	11.206420	2.140877
4322.000000	12.030113	2.227631
4322.000000	12.853807	2.311226
4322.000000	13.677500	2.380235
4322.000000	14.501194	2.438957
4322.000000	15.324888	2.490262
4322.000000	16.148581	2.542581
4322.000000	16.972275	2.610652
4322.000000	17.795968	2.703468
4322.000000	18.619662	2.828196
4322.000000	19.443355	2.994262
4322.000000	20.267049	3.215212
4647.000000	-19.105505	2.284496
4647.000000	-18.281811	2.175335
4647.000000	-17.458118	2.093315
4647.000000	-16.634424	2.033697
4647.000000	-15.810730	1.989023
4647.000000	-14.987037	1.951786
4647.000000	-14.163343	1.913150
4647.000000	-13.339650	1.867057
4647.000000	-12.515956	1.813500
4647.000000	-11.692262	1.751843
4647.000000	-10.868569	1.690280
4647.000000	-10.044875	1.635559
4647.000000	-9.221182	1.587031
4647.000000	-8.397488	1.544691
4647.000000	-7.573794	1.507108
4647.000000	-6.750101	1.473656
4647.000000	-5.926407	1.443551
4647.000000	-5.102714	1.416433
4647.000000	-4.279020	1.393088
4647.000000	-3.455326	1.376576
4647.000000	-2.631633	1.376713
4647.000000	-1.807939	1.425331
4647.000000	2.145790	1.445043
4647.000000	2.969484	1.445835
4647.000000	3.793177	1.476986
4647.000000	4.616871	1.518652
4647.000000	5.440564	1.563870
4647.000000	6.264258	1.610828
4647.000000	7.087952	1.659880
4647.000000	7.911645	1.711622
4647.000000	8.735339	1.767558
4647.000000	9.559032	1.829120
4647.000000	10.382726	1.897340
4647.000000	11.206420	1.974366
4647.000000	12.030113	2.055482
4647.000000	12.853807	2.133881
4647.000000	13.677500	2.198962
4647.000000	14.501194	2.254716
4647.000000	15.324888	2.303791
4647.000000	16.148581	2.354025
4647.000000	16.972275	2.419149
4647.000000	17.795968	2.507598
4647.000000	18.619662	2.626149
4647.000000	19.443355	2.783752
4647.000000	20.267049	2.993304
4972.000000	-19.105505	2.154127
4972.000000	-18.281811	2.048399
4972.000000	-17.458118	1.968858
4972.000000	-16.634424	1.910874
4972.000000	-15.810730	1.867267
4972.000000	-14.987037	1.830859
4972.000000	-14.163343	1.793254
4972.000000	-13.339650	1.748706
4972.000000	-12.515956	1.697229
4972.000000	-11.692262	1.638233
4972.000000	-10.868569	1.579446
4972.000000	-10.044875	1.527230
4972.000000	-9.221182	1.480938
4972.000000	-8.397488	1.440541
4972.000000	-7.573794	1.404662
4972.000000	-6.750101	1.372684
4972.000000	-5.926407	1.343838
4972.000000	-5.102714	1.317751
4972.000000	-4.279020	1.295108
4972.000000	-3.455326	1.278719
4972.000000	-2.631633	1.277665
4972.000000	-1.807939	1.321416
4972.000000	2.145790	1.337708
4972.000000	2.969484	1.338479
4972.000000	3.793177	1.367286
4972.000000	4.616871	1.405807
4972.000000	5.440564	1.447628
4972.000000	6.264258	1.491114
4972.000000	7.087952	1.536630
4972.000000	7.911645	1.584748
4972.000000	8.735339	1.636872
4972.000000	9.559032	1.694343
4972.000000	10.382726	1.758139
4972.000000	11.206420	1.830275
4972.000000	12.030113	1.906406
4972.000000	12.853807	1.980183
4972.000000	13.677500	2.041718
4972.000000	14.501194	2.094739
4972.000000	15.324888	2.141701
4972.000000	16.148581	2.189928
4972.000000	16.972275	2.252272
4972.000000	17.795968	2.336674
4972.000000	18.619662	2.449567
4972.000000	19.443355	2.599467
4972.000000	20.267049	2.798685
5297.000000	-19.105505	2.036597
5297.000000	-18.281811	1.934233
5297.000000	-17.458118	1.857148
5297.000000	-16.634424	1.800824
5297.000000	-15.810730	1.758342
5297.000000	-14.987037	1.722829
5297.000000	-14.163343	1.686289
5297.000000	-13.339650	1.643259
5297.000000	-12.515956	1.593770
5297.000000	-11.692262	1.537272
5297.000000	-10.868569	1.481074
5297.000000	-10.044875	1.431189
5297.000000	-9.221182	1.386977
5297.000000	-8.397488	1.348390
5297.000000	-7.573794	1.314100
5297.000000	-6.750101	1.283501
5297.000000	-5.926407	1.255843
5297.000000	-5.102714	1.230739
5297.000000	-4.279020	1.208790
5297.000000	-3.455326	1.192586
5297.000000	-2.631633	1.190566
5297.000000	-1.807939	1.230119
5297.000000	2.145790	1.243725
5297.000000	2.969484	1.244556
5297.000000	3.793177	1.271387
5297.000000	4.616871	1.307223
5297.000000	5.440564	1.346124
5297.000000	6.264258	1.386611
5297.000000	7.087952	1.429057
5297.000000	7.911645	1.474012
5297.000000	8.735339	1.522793
5297.000000	9.559032	1.576664
5297.000000	10.382726	1.636552
5297.000000	11.206420	1.704356
5297.000000	12.030113	1.776050
5297.000000	12.853807	1.845688
5297.000000	13.677500	1.904011
5297.000000	14.501194	1.954515
5297.000000	15.324888	1.999486
5297.000000	16.148581	2.045798
5297.000000	16.972275	2.105529
5297.000000	17.795968	2.186183
5297.000000	18.619662	2.293880
5297.000000	19.443355	2.436744
5297.000000	20.267049	2.626551
5622.000000	-19.105505	1.930110
5622.000000	-18.281811	1.831011
5622.000000	-17.458118	1.756329
5622.000000	-16.634424	1.701659
5622.000000	-15.810730	1.660326
5622.000000	-14.987037	1.625740
5622.000000	-14.163343	1.590274
5622.000000	-13.339650	1.548718
5622.000000	-12.515956	1.501120
5622.000000	-11.692262	1.446963
5622.000000	-10.868569	1.393176
5622.000000	-10.044875	1.345460
5622.000000	-9.221182	1.303182
5622.000000	-8.397488	1.266278
5622.000000	-7.573794	1.233468
5622.000000	-6.750101	1.204158
5622.000000	-5.926407	1.177614
5622.000000	-5.102714	1.153441
5622.000000	-4.279020	1.132168
5622.000000	-3.455326	1.116192
5622.000000	-2.631633	1.113376
5622.000000	-1.807939	1.149269
5622.000000	2.145790	1.160747
5622.000000	2.969484	1.161692
5622.000000	3.793177	1.186838
5622.000000	4.616871	1.220355
5622.000000	5.440564	1.256722
5622.000000	6.264258	1.294593
5622.000000	7.087952	1.334349
5622.000000	7.911645	1.376518
5622.000000	8.735339	1.422345
5622.000000	9.559032	1.473022
5622.000000	10.382726	1.529433
5622.000000	11.206420	1.593371
5622.000000	12.030113	1.661092
5622.000000	12.853807	1.727004
5622.000000	13.677500	1.782406
5622.000000	14.501194	1.830587
5622.000000	15.324888	1.873689
5622.000000	16.148581	1.918185
5622.000000	16.972275	1.975465
5622.000000	17.795968	2.052644
5622.000000	18.619662	2.155558
5622.000000	19.443355	2.291973
5622.000000	20.267049	2.473175
5947.000000	-19.105505	1.833188
5947.000000	-18.281811	1.737238
5947.000000	-17.458118	1.664889
5947.000000	-16.634424	1.611845
5947.000000	-15.810730	1.571663
5947.000000	-14.987037	1.538016
5947.000000	-14.163343	1.503613
5947.000000	-13.339650	1.463479
5947.000000	-12.515956	1.417673
5947.000000	-11.692262	1.365707
5947.000000	-10.868569	1.314167
5947.000000	-10.044875	1.268468
5947.000000	-9.221182	1.227988
5947.000000	-8.397488	1.192651
5947.000000	-7.573794	1.161220
5947.000000	-6.750101	1.133113
5947.000000	-5.926407	1.107611
5947.000000	-5.102714	1.084315
5947.000000	-4.279020	1.063696
5947.000000	-3.455326	1.047973
5947.000000	-2.631633	1.044496
5947.000000	-1.807939	1.077164
5947.000000	2.145790	1.086944
5947.000000	2.969484	1.088042
5947.000000	3.793177	1.111734
5947.000000	4.616871	1.143230
5947.000000	5.440564	1.177380
5947.000000	6.264258	1.212951
5947.000000	7.087952	1.250330
5947.000000	7.911645	1.290027
5947.000000	8.735339	1.333222
5947.000000	9.559032	1.381046
5947.000000	10.382726	1.434341
5947.000000	11.206420	1.494811
5947.000000	12.030113	1.558951
5947.000000	12.853807	1.621492
5947.000000	13.677500	1.674227
5947.000000	14.501194	1.720263
5947.000000	15.324888	1.761612
5947.000000	16.148581	1.804391
5947.000000	16.972275	1.859376
5947.000000	17.795968	1.933328
5947.000000	18.619662	2.031828
5947.000000	19.443355	2.162313
5947.000000	20.267049	2.335616
6272.000000	-19.105505	1.744604
6272.000000	-18.281811	1.651679
6272.000000	-17.458118	1.581581
6272.000000	-16.634424	1.530122
6272.000000	-15.810730	1.491079
6272.000000	-14.987037	1.458367
6272.000000	-14.163343	1.425006
6272.000000	-13.339650	1.386235
6272.000000	-12.515956	1.342124
6272.000000	-11.692262	1.292209
6272.000000	-10.868569	1.242764
6272.000000	-10.044875	1.198943
6272.000000	-9.221182	1.160137
6272.000000	-8.397488	1.126258
6272.000000	-7.573794	1.096112
6272.000000	-6.750101	1.069128
6272.000000	-5.926407	1.044601
6272.000000	-5.102714	1.022131
6272.000000	-4.279020	1.002138
6272.000000	-3.455326	0.986684
6272.000000	-2.631633	0.982654
6272.000000	-1.807939	1.012458
6272.000000	2.145790	1.020874
6272.000000	2.969484	1.022148
6272.000000	3.793177	1.044576
6272.000000	4.616871	1.074296
6272.000000	5.440564	1.106489
6272.000000	6.264258	1.140023
6272.000000	7.087952	1.175286
6272.000000	7.911645	1.212774
6272.000000	8.735339	1.253610
6272.000000	9.559032	1.298869
6272.000000	10.382726	1.349359
6272.000000	11.206420	1.406697
6272.000000	12.030113	1.467594
6272.000000	12.853807	1.527071
6272.000000	13.677500	1.577364
6272.000000	14.501194	1.621414
6272.000000	15.324888	1.661121
6272.000000	16.148581	1.702279
6272.000000	16.972275	1.755114
6272.000000	17.795968	1.826066
6272.000000	18.619662	1.920481
6272.000000	19.443355	2.045496
6272.000000	20.267049	2.211525
6597.000000	-19.105505	1.663331
6597.000000	-18.281811	1.573303
6597.000000	-17.458118	1.505370
6597.000000	-16.634424	1.455447
6597.000000	-15.810730	1.417519
6597.000000	-14.987037	1.385728
6597.000000	-14.163343	1.353381
6597.000000	-13.339650	1.315914
6597.000000	-12.515956	1.273403
6597.000000	-11.692262	1.225411
6597.000000	-10.868569	1.177921
6597.000000	-10.044875	1.135851
6597.000000	-9.221182	1.098604
6597.000000	-8.397488	1.066085
6597.000000	-7.573794	1.037137
6597.000000	-6.750101	1.011201
6597.000000	-5.926407	0.987586
6597.000000	-5.102714	0.965893
6597.000000	-4.279020	0.946498
6597.000000	-3.455326	0.931321
6597.000000	-2.631633	0.926823
6597.000000	-1.807939	0.954069
6597.000000	2.145790	0.961381
6597.000000	2.969484	0.962848
6597.000000	3.793177	0.984167
6597.000000	4.616871	1.012313
6597.000000	5.440564	1.042767
6597.000000	6.264258	1.074485
6597.000000	7.087952	1.107854
6597.000000	7.911645	1.143355
6597.000000	8.735339	1.182064
6597.000000	9.559032	1.225005
6597.000000	10.382726	1.272953
6597.000000	11.206420	1.327450
6597.000000	12.030113	1.385398
6597.000000	12.853807	1.442078
6597.000000	13.677500	1.490126
6597.000000	14.501194	1.532334
6597.000000	15.324888	1.570501
6597.000000	16.148581	1.610132
6597.000000	16.972275	1.660950
6597.000000	17.795968	1.729109
6597.000000	18.619662	1.819736
6597.000000	19.443355	1.939690
6597.000000	20.267049	2.098998
6922.000000	-19.105505	1.588502
6922.000000	-18.281811	1.501244
6922.000000	-17.458118	1.435387
6922.000000	-16.634424	1.386948
6922.000000	-15.810730	1.350105
6922.000000	-14.987037	1.319215
6922.000000	-14.163343	1.287849
6922.000000	-13.339650	1.251625
6922.000000	-12.515956	1.210627
6922.000000	-11.692262	1.164437
6922.000000	-10.868569	1.118773
6922.000000	-10.044875	1.078338
6922.000000	-9.221182	1.042547
6922.000000	-8.397488	1.011296
6922.000000	-7.573794	0.983467
6922.000000	-6.750101	0.958511
6922.000000	-5.926407	0.935751
6922.000000	-5.102714	0.914788
6922.000000	-4.279020	0.895962
6922.000000	-3.455326	0.881063
6922.000000	-2.631633	0.876167
6922.000000	-1.807939	0.901118
6922.000000	2.145790	0.907529
6922.000000	2.969484	0.909199
6922.000000	3.793177	0.929539
6922.000000	4.616871	0.956281
6922.000000	5.440564	0.985179
6922.000000	6.264258	1.015268
6922.000000	7.087952	1.046929
6922.000000	7.911645	1.080636
6922.000000	8.735339	1.117416
6922.000000	9.559032	1.158253
6922.000000	10.382726	1.203889
6922.000000	11.206420	1.255797
6922.000000	12.030113	1.311050
6922.000000	12.853807	1.365166
6922.000000	13.677500	1.411144
6922.000000	14.501194	1.451641
6922.000000	15.324888	1.488364
6922.000000	16.148581	1.526554
6922.000000	16.972275	1.575481
6922.000000	17.795968	1.641033
6922.000000	18.619662	1.728138
6922.000000	19.443355	1.843397
6922.000000	20.267049	1.996477
7247.000000	-19.105505	1.519384
7247.000000	-18.281811	1.434771
7247.000000	-17.458118	1.370901
7247.000000	-16.634424	1.323890
7247.000000	-15.810730	1.288099
7247.000000	-14.987037	1.258085
7247.000000	-14.163343	1.227665
7247.000000	-13.339650	1.192626
7247.000000	-12.515956	1.153056
7247.000000	-11.692262	1.108558
7247.000000	-10.868569	1.064603
7247.000000	-10.044875	1.025697
7247.000000	-9.221182	0.991265
7247.000000	-8.397488	0.961201
7247.000000	-7.573794	0.934418
7247.000000	-6.750101	0.910377
7247.000000	-5.926407	0.888419
7247.000000	-5.102714	0.868145
7247.000000	-4.279020	0.849859
7247.000000	-3.455326	0.835234
7247.000000	-2.631633	0.829998
7247.000000	-1.807939	0.852884
7247.000000	2.145790	0.858553
7247.000000	2.969484	0.860432
7247.000000	3.793177	0.879901
7247.000000	4.616871	0.905384
7247.000000	5.440564	0.932882
7247.000000	6.264258	0.961499
7247.000000	7.087952	0.991615
7247.000000	7.911645	1.023691
7247.000000	8.735339	1.058716
7247.000000	9.559032	1.097633
7247.000000	10.382726	1.141155
7247.000000	11.206420	1.190694
7247.000000	12.030113	1.243476
7247.000000	12.853807	1.295234
7247.000000	13.677500	1.339298
7247.000000	14.501194	1.378201
7247.000000	15.324888	1.413568
7247.000000	16.148581	1.450399
7247.000000	16.972275	1.497550
7247.000000	17.795968	1.560666
7247.000000	18.619662	1.644489
7247.000000	19.443355	1.755382
7247.000000	20.267049	1.902675
7572.000000	-19.105505	1.455349
7572.000000	-18.281811	1.373260
7572.000000	-17.458118	1.311290
7572.000000	-16.634424	1.265651
7572.000000	-15.810730	1.230877
7572.000000	-14.987037	1.201711
7572.000000	-14.163343	1.172200
7572.000000	-13.339650	1.138288
7572.000000	-12.515956	1.100068
7572.000000	-11.692262	1.057160
7572.000000	-10.868569	1.014807
7572.000000	-10.044875	0.977333
7572.000000	-9.221182	0.944175
7572.000000	-8.397488	0.915220
7572.000000	-7.573794	0.889416
7572.000000	-6.750101	0.866233
7572.000000	-5.926407	0.845029
7572.000000	-5.102714	0.825405
7572.000000	-4.279020	0.807631
7572.000000	-3.455326	0.793273
7572.000000	-2.631633	0.787744
7572.000000	-1.807939	0.808768
7572.000000	2.145790	0.813819
7572.000000	2.969484	0.815909
7572.000000	3.793177	0.834601
7572.000000	4.616871	0.858949
7572.000000	5.440564	0.885178
7572.000000	6.264258	0.912459
7572.000000	7.087952	0.941168
7572.000000	7.911645	0.971758
7572.000000	8.735339	1.005178
7572.000000	9.559032	1.042337
7572.000000	10.382726	1.083920
7572.000000	11.206420	1.131283
7572.000000	12.030113	1.181790
7572.000000	12.853807	1.231372
7572.000000	13.677500	1.273661
7572.000000	14.501194	1.311076
7572.000000	15.324888	1.345168
7572.000000	16.148581	1.380717
7572.000000	16.972275	1.426199
7572.000000	17.795968	1.487034
7572.000000	18.619662	1.567791
7572.000000	19.443355	1.674614
7572.000000	20.267049	1.816516
7897.000000	-19.105505	1.395857
7897.000000	-18.281811	1.316176
7897.000000	-17.458118	1.256022
7897.000000	-16.634424	1.211700
7897.000000	-15.810730	1.177906
7897.000000	-14.987037	1.149559
7897.000000	-14.163343	1.120921
7897.000000	-13.339650	1.088082
7897.000000	-12.515956	1.051138
7897.000000	-11.692262	1.009725
7897.000000	-10.868569	0.968877
7897.000000	-10.044875	0.932746
7897.000000	-9.221182	0.900782
7897.000000	-8.397488	0.872868
7897.000000	-7.573794	0.847980
7897.000000	-6.750101	0.825603
7897.000000	-5.926407	0.805109
7897.000000	-5.102714	0.786099
7897.000000	-4.279020	0.768809
7897.000000	-3.455326	0.754709
7897.000000	-2.631633	0.748928
7897.000000	-1.807939	0.768269
7897.000000	2.145790	0.772798
7897.000000	2.969484	0.775101
7897.000000	3.793177	0.793095
7897.000000	4.616871	0.816414
7897.000000	5.440564	0.841489
7897.000000	6.264258	0.867550
7897.000000	7.087952	0.894974
7897.000000	7.911645	0.924202
7897.000000	8.735339	0.956151
7897.000000	9.559032	0.991693
7897.000000	10.382726	1.031491
7897.000000	11.206420	1.076849
7897.000000	12.030113	1.125254
7897.000000	12.853807	1.172822
7897.000000	13.677500	1.213460
7897.000000	14.501194	1.249485
7897.000000	15.324888	1.282376
7897.000000	16.148581	1.316714
7897.000000	16.972275	1.360625
7897.000000	17.795968	1.419320
7897.000000	18.619662	1.497210
7897.000000	19.443355	1.600229
7897.000000	20.267049	1.737097
8222.000000	-19.105505	1.340443
8222.000000	-18.281811	1.263059
8222.000000	-17.458118	1.204641
8222.000000	-16.634424	1.161581
8222.000000	-15.810730	1.128731
8222.000000	-14.987037	1.101173
8222.000000	-14.163343	1.073372
8222.000000	-13.339650	1.041553
8222.000000	-12.515956	1.005817
8222.000000	-11.692262	0.965813
8222.000000	-10.868569	0.926379
8222.000000	-10.044875	0.891510
8222.000000	-9.221182	0.860667
8222.000000	-8.397488	0.833731
8222.000000	-7.573794	0.809703
8222.000000	-6.750101	0.788083
8222.000000	-5.926407	0.768257
8222.000000	-5.102714	0.749829
8222.000000	-4.279020	0.732998
8222.000000	-3.455326	0.719145
8222.000000	-2.631633	0.713146
8222.000000	-1.807939	0.730959
8222.000000	2.145790	0.735048
8222.000000	2.969484	0.737562
8222.000000	3.793177	0.754926
8222.000000	4.616871	0.777307
8222.000000	5.440564	0.801327
8222.000000	6.264258	0.826271
8222.000000	7.087952	0.852517
8222.000000	7.911645	0.880494
8222.000000	8.735339	0.911087
8222.000000	9.559032	0.945138
8222.000000	10.382726	0.983288
8222.000000	11.206420	1.026790
8222.000000	12.030113	1.073249
8222.000000	12.853807	1.118947
8222.000000	13.677500	1.158047
8222.000000	14.501194	1.192768
8222.000000	15.324888	1.224529
8222.000000	16.148581	1.257722
8222.000000	16.972275	1.300152
8222.000000	17.795968	1.356837
8222.000000	18.619662	1.432037
8222.000000	19.443355	1.531494
8222.000000	20.267049	1.663651
8547.000000	-19.105505	1.288702
8547.000000	-18.281811	1.213511
8547.000000	-17.458118	1.156750
8547.000000	-16.634424	1.114899
8547.000000	-15.810730	1.082957
8547.000000	-14.987037	1.056159
8547.000000	-14.163343	1.029160
8547.000000	-13.339650	0.998312
8547.000000	-12.515956	0.963720
8547.000000	-11.692262	0.925045
8547.000000	-10.868569	0.886942
8547.000000	-10.044875	0.853261
8547.000000	-9.221182	0.823473
8547.000000	-8.397488	0.797456
8547.000000	-7.573794	0.774237
8547.000000	-6.750101	0.753328
8547.000000	-5.926407	0.734134
8547.000000	-5.102714	0.716256
8547.000000	-4.279020	0.699859
8547.000000	-3.455326	0.686245
8547.000000	-2.631633	0.680057
8547.000000	-1.807939	0.696473
8547.000000	2.145790	0.700192
8547.000000	2.969484	0.702913
8547.000000	3.793177	0.719706
8547.000000	4.616871	0.741231
8547.000000	5.440564	0.764283
8547.000000	6.264258	0.788200
8547.000000	7.087952	0.813359
8547.000000	7.911645	0.840183
8547.000000	8.735339	0.869525
8547.000000	9.559032	0.902196
8547.000000	10.382726	0.938818
8547.000000	11.206420	0.980600
8547.000000	12.030113	1.025252
8547.000000	12.853807	1.069209
8547.000000	13.677500	1.106871
8547.000000	14.501194	1.140369
8547.000000	15.324888	1.171063
8547.000000	16.148581	1.203173
8547.000000	16.972275	1.244206
8547.000000	17.795968	1.298998
8547.000000	18.619662	1.371672
8547.000000	19.443355	1.467787
8547.000000	20.267049	1.595526
8872.000000	-19.105505	1.240282
8872.000000	-18.281811	1.167183
8872.000000	-17.458118	1.112006
8872.000000	-16.634424	1.071314
8872.000000	-15.810730	1.040244
8872.000000	-14.987037	1.014178
8872.000000	-14.163343	0.987947
8872.000000	-13.339650	0.958023
8872.000000	-12.515956	0.924515
8872.000000	-11.692262	0.887096
8872.000000	-10.868569	0.850249
8872.000000	-10.044875	0.817687
8872.000000	-9.221182	0.788892
8872.000000	-8.397488	0.763740
8872.000000	-7.573794	0.741283
8872.000000	-6.750101	0.721046
8872.000000	-5.926407	0.702446
8872.000000	-5.102714	0.685088
8872.000000	-4.279020	0.669103
8872.000000	-3.455326	0.655722
8872.000000	-2.631633	0.649368
8872.000000	-1.807939	0.664501
8872.000000	2.145790	0.667910
8872.000000	2.969484	0.670832
8872.000000	3.793177	0.687105
8872.000000	4.616871	0.707845
8872.000000	5.440564	0.730006
8872.000000	6.264258	0.752975
8872.000000	7.087952	0.777132
8872.000000	7.911645	0.802889
8872.000000	8.735339	0.831070
8872.000000	9.559032	0.862461
8872.000000	10.382726	0.897664
8872.000000	11.206420	0.937847
8872.000000	12.030113	0.980814
8872.000000	12.853807	1.023147
8872.000000	13.677500	1.059464
8872.000000	14.501194	1.091811
8872.000000	15.324888	1.121497
8872.000000	16.148581	1.152582
8872.000000	16.972275	1.192294
8872.000000	17.795968	1.245303
8872.000000	18.619662	1.315600
8872.000000	19.443355	1.408573
8872.000000	20.267049	1.532160
9197.000000	-19.105505	1.194874
9197.000000	-18.281811	1.123772
9197.000000	-17.458118	1.070109
9197.000000	-16.634424	1.030527
9197.000000	-15.810730	1.000295
9197.000000	-14.987037	0.974933
9197.000000	-14.163343	0.949439
9197.000000	-13.339650	0.920395
9197.000000	-12.515956	0.887914
9197.000000	-11.692262	0.851682
9197.000000	-10.868569	0.816021
9197.000000	-10.044875	0.784516
9197.000000	-9.221182	0.756658
9197.000000	-8.397488	0.732321
9197.000000	-7.573794	0.710584
9197.000000	-6.750101	0.690980
9197.000000	-5.926407	0.672943
9197.000000	-5.102714	0.656075
9197.000000	-4.279020	0.640482
9197.000000	-3.455326	0.627326
9197.000000	-2.631633	0.620827
9197.000000	-1.807939	0.634774
9197.000000	2.145790	0.637927
9197.000000	2.969484	0.641043
9197.000000	3.793177	0.656842
9197.000000	4.616871	0.676859
9197.000000	5.440564	0.698197
9197.000000	6.264258	0.720289
9197.000000	7.087952	0.743517
9197.000000	7.911645	0.768285
9197.000000	8.735339	0.795388
9197.000000	9.559032	0.825588
9197.000000	10.382726	0.859468
9197.000000	11.206420	0.898159
9197.000000	12.030113	0.939555
9197.000000	12.853807	0.980369
9197.000000	13.677500	1.015423
9197.000000	14.501194	1.046687
9197.000000	15.324888	1.075420
9197.000000	16.148581	1.105533
9197.000000	16.972275	1.143996
9197.000000	17.795968	1.195321
9197.000000	18.619662	1.263377
9197.000000	19.443355	1.353390
9197.000000	20.267049	1.473069
9522.000000	-19.105505	1.152204
9522.000000	-18.281811	1.083011
9522.000000	-17.458118	1.030796
9522.000000	-16.634424	0.992278
9522.000000	-15.810730	0.962851
9522.000000	-14.987037	0.938166
9522.000000	-14.163343	0.913377
9522.000000	-13.339650	0.885173
9522.000000	-12.515956	0.853667
9522.000000	-11.692262	0.818559
9522.000000	-10.868569	0.784020
9522.000000	-10.044875	0.753512
9522.000000	-9.221182	0.726539
9522.000000	-8.397488	0.702972
9522.000000	-7.573794	0.681915
9522.000000	-6.750101	0.662911
9522.000000	-5.926407	0.645405
9522.000000	-5.102714	0.629000
9522.000000	-4.279020	0.613781
9522.000000	-3.455326	0.600843
9522.000000	-2.631633	0.594217
9522.000000	-1.807939	0.607061
9522.000000	2.145790	0.610007
9522.000000	2.969484	0.613309
9522.000000	3.793177	0.628672
9522.000000	4.616871	0.648023
9522.000000	5.440564	0.668599
9522.000000	6.264258	0.689877
9522.000000	7.087952	0.712242
9522.000000	7.911645	0.736090
9522.000000	8.735339	0.762189
9522.000000	9.559032	0.791277
9522.000000	10.382726	0.823923
9522.000000	11.206420	0.861220
9522.000000	12.030113	0.901144
9522.000000	12.853807	0.940535
9522.000000	13.677500	0.974402
9522.000000	14.501194	1.004644
9522.000000	15.324888	1.032474
9522.000000	16.148581	1.061666
9522.000000	16.972275	1.098945
9522.000000	17.795968	1.148679
9522.000000	18.619662	1.214619
9522.000000	19.443355	1.301840
9522.000000	20.267049	1.417832
9847.000000	-19.105505	1.112034
9847.000000	-18.281811	1.044665
9847.000000	-17.458118	0.993836
9847.000000	-16.634424	0.956337
9847.000000	-15.810730	0.927683
9847.000000	-14.987037	0.903649
9847.000000	-14.163343	0.879537
9847.000000	-13.339650	0.852133
9847.000000	-12.515956	0.821555
9847.000000	-11.692262	0.787511
9847.000000	-10.868569	0.754034
9847.000000	-10.044875	0.724471
9847.000000	-9.221182	0.698334
9847.000000	-8.397488	0.675495
9847.000000	-7.573794	0.655082
9847.000000	-6.750101	0.636646
9847.000000	-5.926407	0.619641
9847.000000	-5.102714	0.603675
9847.000000	-4.279020	0.588811
9847.000000	-3.455326	0.576088
9847.000000	-2.631633	0.569348
9847.000000	-1.807939	0.581161
9847.000000	2.145790	0.583943
9847.000000	2.969484	0.587423
9847.000000	3.793177	0.602385
9847.000000	4.616871	0.621119
9847.000000	5.440564	0.640988
9847.000000	6.264258	0.661510
9847.000000	7.087952	0.683071
9847.000000	7.911645	0.706060
9847.000000	8.735339	0.731222
9847.000000	9.559032	0.759271
9847.000000	10.382726	0.790761
9847.000000	11.206420	0.826752
9847.000000	12.030113	0.865296
9847.000000	12.853807	0.903350
9847.000000	13.677500	0.936100
9847.000000	14.501194	0.965377
9847.000000	15.324888	0.992351
9847.000000	16.148581	1.020667
9847.000000	16.972275	1.056824
9847.000000	17.795968	1.105051
9847.000000	18.619662	1.168990
9847.000000	19.443355	1.253572
9847.000000	20.267049	1.366083
10172.000000	-19.105505	1.074151
10172.000000	-18.281811	1.008526
10172.000000	-17.458118	0.959022
10172.000000	-16.634424	0.922501
10172.000000	-15.810730	0.894591
10172.000000	-14.987037	0.871182
10172.000000	-14.163343	0.847719
10172.000000	-13.339650	0.821080
10172.000000	-12.515956	0.791382
10172.000000	-11.692262	0.758350
10172.000000	-10.868569	0.725879
10172.000000	-10.044875	0.697212
10172.000000	-9.221182	0.671866
10172.000000	-8.397488	0.649717
10172.000000	-7.573794	0.629914
10172.000000	-6.750101	0.612017
10172.000000	-5.926407	0.595487
10172.000000	-5.102714	0.579935
10172.000000	-4.279020	0.565411
10172.000000	-3.455326	0.552894
10172.000000	-2.631633	0.546055
10172.000000	-1.807939	0.556901
10172.000000	2.145790	0.559557
10172.000000	2.969484	0.563207
10172.000000	3.793177	0.577799
10172.000000	4.616871	0.595961
10172.000000	5.440564	0.615171
10172.000000	6.264258	0.634988
10172.000000	7.087952	0.655798
10172.000000	7.911645	0.677985
10172.000000	8.735339	0.702269
10172.000000	9.559032	0.729344
10172.000000	10.382726	0.759750
10172.000000	11.206420	0.794515
10172.000000	12.030113	0.831763
10172.000000	12.853807	0.868559
10172.000000	13.677500	0.900255
10172.000000	14.501194	0.928619
10172.000000	15.324888	0.954781
10172.000000	16.148581	0.982264
10172.000000	16.972275	1.017356
10172.000000	17.795968	1.064154
10172.000000	18.619662	1.126198
10172.000000	19.443355	1.208283
10172.000000	20.267049	1.317499
10497.000000	-19.105505	1.038364
10497.000000	-18.281811	0.974410
10497.000000	-17.458118	0.926175
10497.000000	-16.634424	0.890591
10497.000000	-15.810730	0.863395
10497.000000	-14.987037	0.840588
10497.000000	-14.163343	0.817747
10497.000000	-13.339650	0.791838
10497.000000	-12.515956	0.762980
10497.000000	-11.692262	0.730907
10497.000000	-10.868569	0.699393
10497.000000	-10.044875	0.671575
10497.000000	-9.221182	0.646980
10497.000000	-8.397488	0.625485
10497.000000	-7.573794	0.606261
10497.000000	-6.750101	0.588876
10497.000000	-5.926407	0.572797
10497.000000	-5.102714	0.557637
10497.000000	-4.279020	0.543437
10497.000000	-3.455326	0.531120
10497.000000	-2.631633	0.524191
10497.000000	-1.807939	0.534132
10497.000000	2.145790	0.536692
10497.000000	2.969484	0.540506
10497.000000	3.793177	0.554754
10497.000000	4.616871	0.572382
10497.000000	5.440564	0.590979
10497.000000	6.264258	0.610136
10497.000000	7.087952	0.630245
10497.000000	7.911645	0.651679
10497.000000	8.735339	0.675140
10497.000000	9.559032	0.701301
10497.000000	10.382726	0.730688
10497.000000	11.206420	0.764301
10497.000000	12.030113	0.800327
10497.000000	12.853807	0.835938
10497.000000	13.677500	0.866638
10497.000000	14.501194	0.894136
10497.000000	15.324888	0.919527
10497.000000	16.148581	0.946218
10497.000000	16.972275	0.980297
10497.000000	17.795968	1.025739
10497.000000	18.619662	1.085985
10497.000000	19.443355	1.165704
10497.000000	20.267049	1.271799
10822.000000	-19.105505	1.004506
10822.000000	-18.281811	0.942150
10822.000000	-17.458118	0.895132
10822.000000	-16.634424	0.860448
10822.000000	-15.810730	0.833937
10822.000000	-14.987037	0.811710
10822.000000	-14.163343	0.789465
10822.000000	-13.339650	0.764253
10822.000000	-12.515956	0.736196
10822.000000	-11.692262	0.705037
10822.000000	-10.868569	0.674431
10822.000000	-10.044875	0.647419
10822.000000	-9.221182	0.623538
10822.000000	-8.397488	0.602664
10822.000000	-7.573794	0.583991
10822.000000	-6.750101	0.567091
10822.000000	-5.926407	0.551440
10822.000000	-5.102714	0.536654
10822.000000	-4.279020	0.522762
10822.000000	-3.455326	0.510638
10822.000000	-2.631633	0.503627
10822.000000	-1.807939	0.512720
10822.000000	2.145790	0.515210
10822.000000	2.969484	0.519181
10822.000000	3.793177	0.533110
10822.000000	4.616871	0.550240
10822.000000	5.440564	0.568263
10822.000000	6.264258	0.586803
10822.000000	7.087952	0.606253
10822.000000	7.911645	0.626980
10822.000000	8.735339	0.649667
10822.000000	9.559032	0.674969
10822.000000	10.382726	0.703397
10822.000000	11.206420	0.735923
10822.000000	12.030113	0.770798
10822.000000	12.853807	0.805289
10822.000000	13.677500	0.835047
10822.000000	14.501194	0.861725
10822.000000	15.324888	0.886382
10822.000000	16.148581	0.912318
10822.000000	16.972275	0.945433
10822.000000	17.795968	0.989586
10822.000000	18.619662	1.048125
10822.000000	19.443355	1.125598
10822.000000	20.267049	1.228731
11147.000000	-19.105505	0.972424
11147.000000	-18.281811	0.911601
11147.000000	-17.458118	0.865749
11147.000000	-16.634424	0.831928
11147.000000	-15.810730	0.806077
11147.000000	-14.987037	0.784406
11147.000000	-14.163343	0.762734
11147.000000	-13.339650	0.738189
11147.000000	-12.515956	0.710896
11147.000000	-11.692262	0.680607
11147.000000	-10.868569	0.650864
11147.000000	-10.044875	0.624620
11147.000000	-9.221182	0.601418
11147.000000	-8.397488	0.581136
11147.000000	-7.573794	0.562986
11147.000000	-6.750101	0.546548
11147.000000	-5.926407	0.531304
11147.000000	-5.102714	0.516875
11147.000000	-4.279020	0.503277
11147.000000	-3.455326	0.491335
11147.000000	-2.631633	0.484251
11147.000000	-1.807939	0.492548
11147.000000	2.145790	0.494990
11147.000000	2.969484	0.499113
11147.000000	3.793177	0.512744
11147.000000	4.616871	0.529407
11147.000000	5.440564	0.546892
11147.000000	6.264258	0.564854
11147.000000	7.087952	0.583684
11147.000000	7.911645	0.603746
11147.000000	8.735339	0.625704
11147.000000	9.559032	0.650195
11147.000000	10.382726	0.677719
11147.000000	11.206420	0.709221
11147.000000	12.030113	0.743008
11147.000000	12.853807	0.776439
11147.000000	13.677500	0.805304
11147.000000	14.501194	0.831202
11147.000000	15.324888	0.855161
11147.000000	16.148581	0.880377
11147.000000	16.972275	0.912573
11147.000000	17.795968	0.955500
11147.000000	18.619662	1.012417
11147.000000	19.443355	1.087756
11147.000000	20.267049	1.188075
11472.000000	-19.105505	0.941983
11472.000000	-18.281811	0.882630
11472.000000	-17.458118	0.837897
11472.000000	-16.634424	0.804905
11472.000000	-15.810730	0.779688
11472.000000	-14.987037	0.758552
11472.000000	-14.163343	0.737429
11472.000000	-13.339650	0.713523
11472.000000	-12.515956	0.686960
11472.000000	-11.692262	0.657500
11472.000000	-10.868569	0.628580
11472.000000	-10.044875	0.603067
11472.000000	-9.221182	0.580511
11472.000000	-8.397488	0.560794
11472.000000	-7.573794	0.543142
11472.000000	-6.750101	0.527142
11472.000000	-5.926407	0.512287
11472.000000	-5.102714	0.498198
11472.000000	-4.279020	0.484880
11472.000000	-3.455326	0.473113
11472.000000	-2.631633	0.465960
11472.000000	-1.807939	0.473511
11472.000000	2.145790	0.475924
11472.000000	2.969484	0.480194
11472.000000	3.793177	0.493546
11472.000000	4.616871	0.509769
11472.000000	5.440564	0.526750
11472.000000	6.264258	0.544168
11472.000000	7.087952	0.562416
11472.000000	7.911645	0.581850
11472.000000	8.735339	0.603120
11472.000000	9.559032	0.626846
11472.000000	10.382726	0.653516
11472.000000	11.206420	0.684049
11472.000000	12.030113	0.716807
11472.000000	12.853807	0.749234
11472.000000	13.677500	0.777252
11472.000000	14.501194	0.802409
11472.000000	15.324888	0.825701
11472.000000	16.148581	0.850230
11472.000000	16.972275	0.881550
11472.000000	17.795968	0.923308
11472.000000	18.619662	0.978681
11472.000000	19.443355	1.051990
11472.000000	20.267049	1.149632
11797.000000	-19.105505	0.913061
11797.000000	-18.281811	0.855118
11797.000000	-17.458118	0.811459
11797.000000	-16.634424	0.779263
11797.000000	-15.810730	0.754656
11797.000000	-14.987037	0.734034
11797.000000	-14.163343	0.713439
11797.000000	-13.339650	0.690145
11797.000000	-12.515956	0.664280
11797.000000	-11.692262	0.635612
11797.000000	-10.868569	0.607476
11797.000000	-10.044875	0.582659
11797.000000	-9.221182	0.560721
11797.000000	-8.397488	0.541542
11797.000000	-7.573794	0.524364
11797.000000	-6.750101	0.508782
11797.000000	-5.926407	0.494298
11797.000000	-5.102714	0.480535
11797.000000	-4.279020	0.467484
11797.000000	-3.455326	0.455882
11797.000000	-2.631633	0.448667
11797.000000	-1.807939	0.455519
11797.000000	2.145790	0.457915
11797.000000	2.969484	0.462329
11797.000000	3.793177	0.475418
11797.000000	4.616871	0.491228
11797.000000	5.440564	0.507734
11797.000000	6.264258	0.524641
11797.000000	7.087952	0.542338
11797.000000	7.911645	0.561179
11797.000000	8.735339	0.581798
11797.000000	9.559032	0.604802
11797.000000	10.382726	0.630664
11797.000000	11.206420	0.660279
11797.000000	12.030113	0.692062
11797.000000	12.853807	0.723538
11797.000000	13.677500	0.750749
11797.000000	14.501194	0.775201
11797.000000	15.324888	0.797858
11797.000000	16.148581	0.821729
11797.000000	16.972275	0.852214
11797.000000	17.795968	0.892858
11797.000000	18.619662	0.946759
11797.000000	19.443355	1.018134
11797.000000	20.267049	1.113227
12122.000000	-19.105505	0.885546
12122.000000	-18.281811	0.828957
12122.000000	-17.458118	0.786329
12122.000000	-16.634424	0.754900
12122.000000	-15.810730	0.730880
12122.000000	-14.987037	0.710753
12122.000000	-14.163343	0.690665
12122.000000	-13.339650	0.667958
12122.000000	-12.515956	0.642761
12122.000000	-11.692262	0.614849
12122.000000	-10.868569	0.587461
12122.000000	-10.044875	0.563309
12122.000000	-9.221182	0.541960
12122.000000	-8.397488	0.523295
12122.000000	-7.573794	0.506569
12122.000000	-6.750101	0.491385
12122.000000	-5.926407	0.477255
12122.000000	-5.102714	0.463805
12122.000000	-4.279020	0.451008
12122.000000	-3.455326	0.439565
12122.000000	-2.631633	0.432293
12122.000000	-1.807939	0.438489
12122.000000	2.145790	0.440879
12122.000000	2.969484	0.445430
12122.000000	3.793177	0.458273
12122.000000	4.616871	0.473693
12122.000000	5.440564	0.489752
12122.000000	6.264258	0.506177
12122.000000	7.087952	0.523354
12122.000000	7.911645	0.541634
12122.000000	8.735339	0.561637
12122.000000	9.559032	0.583956
12122.000000	10.382726	0.609053
12122.000000	11.206420	0.637798
12122.000000	12.030113	0.668655
12122.000000	12.853807	0.699227
12122.000000	13.677500	0.725672
12122.000000	14.501194	0.749451
12122.000000	15.324888	0.771501
12122.000000	16.148581	0.794745
12122.000000	16.972275	0.824430
12122.000000	17.795968	0.864010
12122.000000	18.619662	0.916508
12122.000000	19.443355	0.986038
12122.000000	20.267049	1.078700
12447.000000	-19.105505	0.859338
12447.000000	-18.281811	0.804050
12447.000000	-17.458118	0.762414
12447.000000	-16.634424	0.731722
12447.000000	-15.810730	0.708267
12447.000000	-14.987037	0.688617
12447.000000	-14.163343	0.669016
12447.000000	-13.339650	0.646873
12447.000000	-12.515956	0.622316
12447.000000	-11.692262	0.595127
12447.000000	-10.868569	0.568453
12447.000000	-10.044875	0.544936
12447.000000	-9.221182	0.524150
12447.000000	-8.397488	0.505975
12447.000000	-7.573794	0.489681
12447.000000	-6.750101	0.474877
12447.000000	-5.926407	0.461087
12447.000000	-5.102714	0.447935
12447.000000	-4.279020	0.435382
12447.000000	-3.455326	0.424091
12447.000000	-2.631633	0.416769
12447.000000	-1.807939	0.422347
12447.000000	2.145790	0.424738
12447.000000	2.969484	0.429421
12447.000000	3.793177	0.442033
12447.000000	4.616871	0.457086
12447.000000	5.440564	0.472722
12447.000000	6.264258	0.488692
12447.000000	7.087952	0.505377
12447.000000	7.911645	0.523125
12447.000000	8.735339	0.542544
12447.000000	9.559032	0.564213
12447.000000	10.382726	0.588583
12447.000000	11.206420	0.616504
12447.000000	12.030113	0.646481
12447.000000	12.853807	0.676193
12447.000000	13.677500	0.701909
12447.000000	14.501194	0.725046
12447.000000	15.324888	0.746515
12447.000000	16.148581	0.769157
12447.000000	16.972275	0.798078
12447.000000	17.795968	0.836641
12447.000000	18.619662	0.887799
12447.000000	19.443355	0.955569
12447.000000	20.267049	1.045911
12772.000000	-19.105505	0.834346
12772.000000	-18.281811	0.780309
12772.000000	-17.458118	0.739628
12772.000000	-16.634424	0.709645
12772.000000	-15.810730	0.686734
12772.000000	-14.987037	0.667543
12772.000000	-14.163343	0.648411
12772.000000	-13.339650	0.626809
12772.000000	-12.515956	0.602866
12772.000000	-11.692262	0.576369
12772.000000	-10.868569	0.550379
12772.000000	-10.044875	0.527468
12772.000000	-9.221182	0.507221
12772.000000	-8.397488	0.489514
12772.000000	-7.573794	0.473632
12772.000000	-6.750101	0.459192
12772.000000	-5.926407	0.445726
12772.000000	-5.102714	0.432860
12772.000000	-4.279020	0.420541
12772.000000	-3.455326	0.409397
12772.000000	-2.631633	0.402030
12772.000000	-1.807939	0.407027
12772.000000	2.145790	0.409422
12772.000000	2.969484	0.414234
12772.000000	3.793177	0.426628
12772.000000	4.616871	0.441334
12772.000000	5.440564	0.456571
12772.000000	6.264258	0.472109
12772.000000	7.087952	0.488328
12772.000000	7.911645	0.505572
12772.000000	8.735339	0.524437
12772.000000	9.559032	0.545489
12772.000000	10.382726	0.569168
12772.000000	11.206420	0.596303
12772.000000	12.030113	0.625444
12772.000000	12.853807	0.654338
12772.000000	13.677500	0.679358
12772.000000	14.501194	0.701882
12772.000000	15.324888	0.722796
12772.000000	16.148581	0.744862
12772.000000	16.972275	0.773050
12772.000000	17.795968	0.810641
12772.000000	18.619662	0.860517
12772.000000	19.443355	0.926605
12772.000000	20.267049	1.014730
13097.000000	-19.105505	0.810487
13097.000000	-18.281811	0.757655
13097.000000	-17.458118	0.717891
13097.000000	-16.634424	0.688591
13097.000000	-15.810730	0.666205
13097.000000	-14.987037	0.647458
13097.000000	-14.163343	0.628777
13097.000000	-13.339650	0.607695
13097.000000	-12.515956	0.584340
13097.000000	-11.692262	0.558507
13097.000000	-10.868569	0.533171
13097.000000	-10.044875	0.510841
13097.000000	-9.221182	0.491107
13097.000000	-8.397488	0.473848
13097.000000	-7.573794	0.458360
13097.000000	-6.750101	0.444269
13097.000000	-5.926407	0.431113
13097.000000	-5.102714	0.418522
13097.000000	-4.279020	0.406427
13097.000000	-3.455326	0.395425
13097.000000	-2.631633	0.388019
13097.000000	-1.807939	0.392471
13097.000000	2.145790	0.394871
13097.000000	2.969484	0.399805
13097.000000	3.793177	0.411994
13097.000000	4.616871	0.426372
13097.000000	5.440564	0.441231
13097.000000	6.264258	0.456360
13097.000000	7.087952	0.472137
13097.000000	7.911645	0.488902
13097.000000	8.735339	0.507241
13097.000000	9.559032	0.527706
13097.000000	10.382726	0.550728
13097.000000	11.206420	0.577115
13097.000000	12.030113	0.605459
13097.000000	12.853807	0.633573
13097.000000	13.677500	0.657929
13097.000000	14.501194	0.679867
13097.000000	15.324888	0.700249
13097.000000	16.148581	0.721762
13097.000000	16.972275	0.749249
13097.000000	17.795968	0.785909
13097.000000	18.619662	0.834559
13097.000000	19.443355	0.899038
13097.000000	20.267049	0.985042
13422.000000	-19.105505	0.787687
13422.000000	-18.281811	0.736013
13422.000000	-17.458118	0.697134
13422.000000	-16.634424	0.668492
13422.000000	-15.810730	0.646611
13422.000000	-14.987037	0.628292
13422.000000	-14.163343	0.610047
13422.000000	-13.339650	0.589465
13422.000000	-12.515956	0.566675
13422.000000	-11.692262	0.541478
13422.000000	-10.868569	0.516769
13422.000000	-10.044875	0.494995
13422.000000	-9.221182	0.475753
13422.000000	-8.397488	0.458921
13422.000000	-7.573794	0.443811
13422.000000	-6.750101	0.430054
13422.000000	-5.926407	0.417196
13422.000000	-5.102714	0.404867
13422.000000	-4.279020	0.392988
13422.000000	-3.455326	0.382124
13422.000000	-2.631633	0.374685
13422.000000	-1.807939	0.378623
13422.000000	2.145790	0.381027
13422.000000	2.969484	0.386080
13422.000000	3.793177	0.398076
13422.000000	4.616871	0.412144
13422.000000	5.440564	0.426644
13422.000000	6.264258	0.441384
13422.000000	7.087952	0.456741
13422.000000	7.911645	0.473051
13422.000000	8.735339	0.490889
13422.000000	9.559032	0.510795
13422.000000	10.382726	0.533190
13422.000000	11.206420	0.558865
13422.000000	12.030113	0.586448
13422.000000	12.853807	0.613819
13422.000000	13.677500	0.637541
13422.000000	14.501194	0.658918
13422.000000	15.324888	0.678789
13422.000000	16.148581	0.699773
13422.000000	16.972275	0.726586
13422.000000	17.795968	0.762355
13422.000000	18.619662	0.809830
13422.000000	19.443355	0.872768
13422.000000	20.267049	0.956742
13747.000000	-19.105505	0.765876
13747.000000	-18.281811	0.715319
13747.000000	-17.458118	0.677292
13747.000000	-16.634424	0.649284
13747.000000	-15.810730	0.627892
13747.000000	-14.987037	0.609985
13747.000000	-14.163343	0.592160
13747.000000	-13.339650	0.572058
13747.000000	-12.515956	0.549811
13747.000000	-11.692262	0.525225
13747.000000	-10.868569	0.501118
13747.000000	-10.044875	0.479876
13747.000000	-9.221182	0.461104
13747.000000	-8.397488	0.444682
13747.000000	-7.573794	0.429934
13747.000000	-6.750101	0.416498
13747.000000	-5.926407	0.403925
13747.000000	-5.102714	0.391848
13747.000000	-4.279020	0.380177
13747.000000	-3.455326	0.369446
13747.000000	-2.631633	0.361979
13747.000000	-1.807939	0.365429
13747.000000	2.145790	0.367840
13747.000000	2.969484	0.373007
13747.000000	3.793177	0.384822
13747.000000	4.616871	0.398597
13747.000000	5.440564	0.412755
13747.000000	6.264258	0.427125
13747.000000	7.087952	0.442082
13747.000000	7.911645	0.457960
13747.000000	8.735339	0.475320
13747.000000	9.559032	0.494693
13747.000000	10.382726	0.516490
13747.000000	11.206420	0.541485
13747.000000	12.030113	0.568344
13747.000000	12.853807	0.595004
13747.000000	13.677500	0.618120
13747.000000	14.501194	0.638960
13747.000000	15.324888	0.658341
13747.000000	16.148581	0.678815
13747.000000	16.972275	0.704983
13747.000000	17.795968	0.739895
13747.000000	18.619662	0.786245
13747.000000	19.443355	0.847706
13747.000000	20.267049	0.929734
14072.000000	-19.105505	0.744992
14072.000000	-18.281811	0.695511
14072.000000	-17.458118	0.658305
14072.000000	-16.634424	0.630909
14072.000000	-15.810730	0.609988
14072.000000	-14.987037	0.592480
14072.000000	-14.163343	0.575060
14072.000000	-13.339650	0.555421
14072.000000	-12.515956	0.533696
14072.000000	-11.692262	0.509695
14072.000000	-10.868569	0.486166
14072.000000	-10.044875	0.465436
14072.000000	-9.221182	0.447115
14072.000000	-8.397488	0.431085
14072.000000	-7.573794	0.416685
14072.000000	-6.750101	0.403556
14072.000000	-5.926407	0.391257
14072.000000	-5.102714	0.379422
14072.000000	-4.279020	0.367950
14072.000000	-3.455326	0.357350
14072.000000	-2.631633	0.349856
14072.000000	-1.807939	0.352843
14072.000000	2.145790	0.355265
14072.000000	2.969484	0.360542
14072.000000	3.793177	0.372186
14072.000000	4.616871	0.385681
14072.000000	5.440564	0.399515
14072.000000	6.264258	0.413532
14072.000000	7.087952	0.428109
14072.000000	7.911645	0.443575
14072.000000	8.735339	0.460480
14072.000000	9.559032	0.479344
14072.000000	10.382726	0.500571
14072.000000	11.206420	0.524916
14072.000000	12.030113	0.551081
14072.000000	12.853807	0.577062
14072.000000	13.677500	0.599598
14072.000000	14.501194	0.619922
14072.000000	15.324888	0.638833
14072.000000	16.148581	0.658817
14072.000000	16.972275	0.684365
14072.000000	17.795968	0.718457
14072.000000	18.619662	0.763726
14072.000000	19.443355	0.823771
14072.000000	20.267049	0.903932
14397.000000	-19.105505	0.724978
14397.000000	-18.281811	0.676534
14397.000000	-17.458118	0.640120
14397.000000	-16.634424	0.613315
14397.000000	-15.810730	0.592848
14397.000000	-14.987037	0.575725
14397.000000	-14.163343	0.558696
14397.000000	-13.339650	0.539503
14397.000000	-12.515956	0.518280
14397.000000	-11.692262	0.494842
14397.000000	-10.868569	0.471868
14397.000000	-10.044875	0.451629
14397.000000	-9.221182	0.433741
14397.000000	-8.397488	0.418088
14397.000000	-7.573794	0.404021
14397.000000	-6.750101	0.391187
14397.000000	-5.926407	0.379151
14397.000000	-5.102714	0.367549
14397.000000	-4.279020	0.356270
14397.000000	-3.455326	0.345795
14397.000000	-2.631633	0.338278
14397.000000	-1.807939	0.340821
14397.000000	2.145790	0.343259
14397.000000	2.969484	0.348642
14397.000000	3.793177	0.360124
14397.000000	4.616871	0.373355
14397.000000	5.440564	0.386880
14397.000000	6.264258	0.400561
14397.000000	7.087952	0.414775
14397.000000	7.911645	0.429848
14397.000000	8.735339	0.446319
14397.000000	9.559032	0.464696
14397.000000	10.382726	0.485377
14397.000000	11.206420	0.509102
14397.000000	12.030113	0.534604
14397.000000	12.853807	0.559935
14397.000000	13.677500	0.581914
14397.000000	14.501194	0.601744
14397.000000	15.324888	0.620202
14397.000000	16.148581	0.639716
14397.000000	16.972275	0.664668
14397.000000	17.795968	0.697971
14397.000000	18.619662	0.742203
14397.000000	19.443355	0.800887
14397.000000	20.267049	0.879257
14722.000000	-19.105505	0.705779
14722.000000	-18.281811	0.658337
14722.000000	-17.458118	0.622687
14722.000000	-16.634424	0.596452
14722.000000	-15.810730	0.576425
14722.000000	-14.987037	0.559674
14722.000000	-14.163343	0.543021
14722.000000	-13.339650	0.524258
14722.000000	-12.515956	0.503518
14722.000000	-11.692262	0.480623
14722.000000	-10.868569	0.458181
14722.000000	-10.044875	0.438414
14722.000000	-9.221182	0.420943
14722.000000	-8.397488	0.405653
14722.000000	-7.573794	0.391906
14722.000000	-6.750101	0.379355
14722.000000	-5.926407	0.367572
14722.000000	-5.102714	0.356193
14722.000000	-4.279020	0.345100
14722.000000	-3.455326	0.334746
14722.000000	-2.631633	0.327206
14722.000000	-1.807939	0.329323
14722.000000	2.145790	0.331785
14722.000000	2.969484	0.337271
14722.000000	3.793177	0.348599
14722.000000	4.616871	0.361579
14722.000000	5.440564	0.374808
14722.000000	6.264258	0.388168
14722.000000	7.087952	0.402037
14722.000000	7.911645	0.416734
14722.000000	8.735339	0.432790
14722.000000	9.559032	0.450703
14722.000000	10.382726	0.470862
14722.000000	11.206420	0.493992
14722.000000	12.030113	0.518860
14722.000000	12.853807	0.543567
14722.000000	13.677500	0.565013
14722.000000	14.501194	0.584367
14722.000000	15.324888	0.602391
14722.000000	16.148581	0.621452
14722.000000	16.972275	0.645831
14722.000000	17.795968	0.678375
14722.000000	18.619662	0.721611
14722.000000	19.443355	0.778988
14722.000000	20.267049	0.855635
15047.000000	-19.105505	0.687348
15047.000000	-18.281811	0.640873
15047.000000	-17.458118	0.605960
15047.000000	-16.634424	0.580276
15047.000000	-15.810730	0.560674
15047.000000	-14.987037	0.544282
15047.000000	-14.163343	0.527994
15047.000000	-13.339650	0.509645
15047.000000	-12.515956	0.489371
15047.000000	-11.692262	0.466996
15047.000000	-10.868569	0.445068
15047.000000	-10.044875	0.425754
15047.000000	-9.221182	0.408684
15047.000000	-8.397488	0.393743
15047.000000	-7.573794	0.380304
15047.000000	-6.750101	0.368026
15047.000000	-5.926407	0.356485
15047.000000	-5.102714	0.345321
15047.000000	-4.279020	0.334407
15047.000000	-3.455326	0.324170
15047.000000	-2.631633	0.316608
15047.000000	-1.807939	0.318313
15047.000000	2.145790	0.320807
15047.000000	2.969484	0.326394
15047.000000	3.793177	0.337577
15047.000000	4.616871	0.350316
15047.000000	5.440564	0.363264
15047.000000	6.264258	0.376318
15047.000000	7.087952	0.389855
15047.000000	7.911645	0.404194
15047.000000	8.735339	0.419853
15047.000000	9.559032	0.437320
15047.000000	10.382726	0.456980
15047.000000	11.206420	0.479542
15047.000000	12.030113	0.503802
15047.000000	12.853807	0.527911
15047.000000	13.677500	0.548843
15047.000000	14.501194	0.567741
15047.000000	15.324888	0.585346
15047.000000	16.148581	0.603971
15047.000000	16.972275	0.627798
15047.000000	17.795968	0.659614
15047.000000	18.619662	0.701890
15047.000000	19.443355	0.758010
15047.000000	20.267049	0.833001
15372.000000	-19.105505	0.669639
15372.000000	-18.281811	0.624097
15372.000000	-17.458118	0.589898
15372.000000	-16.634424	0.564746
15372.000000	-15.810730	0.545555
15372.000000	-14.987037	0.529511
15372.000000	-14.163343	0.513574
15372.000000	-13.339650	0.495626
15372.000000	-12.515956	0.475800
15372.000000	-11.692262	0.453927
15372.000000	-10.868569	0.432492
15372.000000	-10.044875	0.413616
15372.000000	-9.221182	0.396932
15372.000000	-8.397488	0.382326
15372.000000	-7.573794	0.369184
15372.000000	-6.750101	0.357167
15372.000000	-5.926407	0.345861
15372.000000	-5.102714	0.334904
15372.000000	-4.279020	0.324162
15372.000000	-3.455326	0.314039
15372.000000	-2.631633	0.306455
15372.000000	-1.807939	0.307761
15372.000000	2.145790	0.310296
15372.000000	2.969484	0.315979
15372.000000	3.793177	0.327023
15372.000000	4.616871	0.339534
15372.000000	5.440564	0.352213
15372.000000	6.264258	0.364974
15372.000000	7.087952	0.378195
15372.000000	7.911645	0.392190
15372.000000	8.735339	0.407469
15372.000000	9.559032	0.424510
15372.000000	10.382726	0.443691
15372.000000	11.206420	0.465708
15372.000000	12.030113	0.489385
15372.000000	12.853807	0.512920
15372.000000	13.677500	0.533359
15372.000000	14.501194	0.551817
15372.000000	15.324888	0.569019
15372.000000	16.148581	0.587224
15372.000000	16.972275	0.610520
15372.000000	17.795968	0.641633
15372.000000	18.619662	0.682986
15372.000000	19.443355	0.737896
15372.000000	20.267049	0.811294
15697.000000	-19.105505	0.652611
15697.000000	-18.281811	0.607971
15697.000000	-17.458118	0.574461
15697.000000	-16.634424	0.549825
15697.000000	-15.810730	0.531031
15697.000000	-14.987037	0.515323
15697.000000	-14.163343	0.499726
15697.000000	-13.339650	0.482164
15697.000000	-12.515956	0.462770
15697.000000	-11.692262	0.441381
15697.000000	-10.868569	0.420422
15697.000000	-10.044875	0.401966
15697.000000	-9.221182	0.385654
15697.000000	-8.397488	0.371373
15697.000000	-7.573794	0.358516
15697.000000	-6.750101	0.346751
15697.000000	-5.926407	0.335670
15697.000000	-5.102714	0.324912
15697.000000	-4.279020	0.314338
15697.000000	-3.455326	0.304323
15697.000000	-2.631633	0.296719
15697.000000	-1.807939	0.297640
15697.000000	2.145790	0.300221
15697.000000	2.969484	0.305998
15697.000000	3.793177	0.316911
15697.000000	4.616871	0.329203
15697.000000	5.440564	0.341625
15697.000000	6.264258	0.354105
15697.000000	7.087952	0.367023
15697.000000	7.911645	0.380690
15697.000000	8.735339	0.395603
15697.000000	9.559032	0.412236
15697.000000	10.382726	0.430958
15697.000000	11.206420	0.452452
15697.000000	12.030113	0.475569
15697.000000	12.853807	0.498552
15697.000000	13.677500	0.518517
15697.000000	14.501194	0.536552
15697.000000	15.324888	0.553366
15697.000000	16.148581	0.571166
15697.000000	16.972275	0.593950
15697.000000	17.795968	0.624386
15697.000000	18.619662	0.664850
15697.000000	19.443355	0.718595
15697.000000	20.267049	0.790457
16022.000000	-19.105505	0.636224
16022.000000	-18.281811	0.592458
16022.000000	-17.458118	0.559613
16022.000000	-16.634424	0.535476
16022.000000	-15.810730	0.517067
16022.000000	-14.987037	0.501685
16022.000000	-14.163343	0.486417
16022.000000	-13.339650	0.469227
16022.000000	-12.515956	0.450251
16022.000000	-11.692262	0.429329
16022.000000	-10.868569	0.408827
16022.000000	-10.044875	0.390778
16022.000000	-9.221182	0.374824
16022.000000	-8.397488	0.360854
16022.000000	-7.573794	0.348272
16022.000000	-6.750101	0.336751
16022.000000	-5.926407	0.325886
16022.000000	-5.102714	0.315321
16022.000000	-4.279020	0.304907
16022.000000	-3.455326	0.294999
16022.000000	-2.631633	0.287376
16022.000000	-1.807939	0.287927
16022.000000	2.145790	0.290558
16022.000000	2.969484	0.296425
16022.000000	3.793177	0.307212
16022.000000	4.616871	0.319295
16022.000000	5.440564	0.331471
16022.000000	6.264258	0.343683
16022.000000	7.087952	0.356311
16022.000000	7.911645	0.369661
16022.000000	8.735339	0.384225
16022.000000	9.559032	0.400465
16022.000000	10.382726	0.418746
16022.000000	11.206420	0.439739
16022.000000	12.030113	0.462317
16022.000000	12.853807	0.484770
16022.000000	13.677500	0.504278
16022.000000	14.501194	0.521905
16022.000000	15.324888	0.538345
16022.000000	16.148581	0.555755
16022.000000	16.972275	0.578045
16022.000000	17.795968	0.607828
16022.000000	18.619662	0.647435
16022.000000	19.443355	0.700057
16022.000000	20.267049	0.770440
16347.000000	-19.105505	0.620435
16347.000000	-18.281811	0.577523
16347.000000	-17.458118	0.545322
16347.000000	-16.634424	0.521668
16347.000000	-15.810730	0.503632
16347.000000	-14.987037	0.488565
16347.000000	-14.163343	0.473615
16347.000000	-13.339650	0.456785
16347.000000	-12.515956	0.438213
16347.000000	-11.692262	0.417740
16347.000000	-10.868569	0.397681
16347.000000	-10.044875	0.380023
16347.000000	-9.221182	0.364415
16347.000000	-8.397488	0.350746
16347.000000	-7.573794	0.338429
16347.000000	-6.750101	0.327143
16347.000000	-5.926407	0.316487
16347.000000	-5.102714	0.306107
16347.000000	-4.279020	0.295848
16347.000000	-3.455326	0.286044
16347.000000	-2.631633	0.278402
16347.000000	-1.807939	0.278597
16347.000000	2.145790	0.281282
16347.000000	2.969484	0.287236
16347.000000	3.793177	0.297902
16347.000000	4.616871	0.309785
16347.000000	5.440564	0.321726
16347.000000	6.264258	0.333680
16347.000000	7.087952	0.346029
16347.000000	7.911645	0.359077
16347.000000	8.735339	0.373304
16347.000000	9.559032	0.389167
16347.000000	10.382726	0.407025
16347.000000	11.206420	0.427534
16347.000000	12.030113	0.449595
16347.000000	12.853807	0.471538
16347.000000	13.677500	0.490607
16347.000000	14.501194	0.507841
16347.000000	15.324888	0.523920
16347.000000	16.148581	0.540952
16347.000000	16.972275	0.562765
16347.000000	17.795968	0.591920
16347.000000	18.619662	0.630698
16347.000000	19.443355	0.682242
16347.000000	20.267049	0.751176
16672.000000	-19.105505	0.625012
16672.000000	-18.281811	0.563533
16672.000000	-17.458118	0.531557
16672.000000	-16.634424	0.508371
16672.000000	-15.810730	0.490697
16672.000000	-14.987037	0.475935
16672.000000	-14.163343	0.461293
16672.000000	-13.339650	0.444811
16672.000000	-12.515956	0.426628
16672.000000	-11.692262	0.406590
16672.000000	-10.868569	0.386959
16672.000000	-10.044875	0.369678
16672.000000	-9.221182	0.354403
16672.000000	-8.397488	0.341023
16672.000000	-7.573794	0.328963
16672.000000	-6.750101	0.317903
16672.000000	-5.926407	0.307448
16672.000000	-5.102714	0.297247
16672.000000	-4.279020	0.287139
16672.000000	-3.455326	0.277435
16672.000000	-2.631633	0.269777
16672.000000	-1.807939	0.269631
16672.000000	2.145790	0.272371
16672.000000	2.969484	0.278409
16672.000000	3.793177	0.288959
16672.000000	4.616871	0.300650
16672.000000	5.440564	0.312365
16672.000000	6.264258	0.324073
16672.000000	7.087952	0.336154
16672.000000	7.911645	0.348910
16672.000000	8.735339	0.362814
16672.000000	9.559032	0.378314
16672.000000	10.382726	0.395764
16672.000000	11.206420	0.415809
16672.000000	12.030113	0.437372
16672.000000	12.853807	0.458823
16672.000000	13.677500	0.477469
16672.000000	14.501194	0.494325
16672.000000	15.324888	0.510055
16672.000000	16.148581	0.526723
16672.000000	16.972275	0.548075
16672.000000	17.795968	0.576622
16672.000000	18.619662	0.614601
16672.000000	19.443355	0.665102
16672.000000	20.267049	0.732655
16997.000000	-19.105505	0.636981
16997.000000	-18.281811	0.574012
16997.000000	-17.458118	0.520301
16997.000000	-16.634424	0.495556
16997.000000	-15.810730	0.478233
16997.000000	-14.987037	0.463768
16997.000000	-14.163343	0.449423
16997.000000	-13.339650	0.433279
16997.000000	-12.515956	0.415472
16997.000000	-11.692262	0.395854
16997.000000	-10.868569	0.376635
16997.000000	-10.044875	0.359719
16997.000000	-9.221182	0.344765
16997.000000	-8.397488	0.331665
16997.000000	-7.573794	0.319853
16997.000000	-6.750101	0.309012
16997.000000	-5.926407	0.298751
16997.000000	-5.102714	0.288722
16997.000000	-4.279020	0.278759
16997.000000	-3.455326	0.269153
16997.000000	-2.631633	0.261481
16997.000000	-1.807939	0.261008
16997.000000	2.145790	0.263803
16997.000000	2.969484	0.269922
16997.000000	3.793177	0.280361
16997.000000	4.616871	0.291867
16997.000000	5.440564	0.303366
16997.000000	6.264258	0.314837
16997.000000	7.087952	0.326661
16997.000000	7.911645	0.339136
16997.000000	8.735339	0.352729
16997.000000	9.559032	0.367880
16997.000000	10.382726	0.384938
16997.000000	11.206420	0.404536
16997.000000	12.030113	0.425619
16997.000000	12.853807	0.446597
16997.000000	13.677500	0.464835
16997.000000	14.501194	0.481325
16997.000000	15.324888	0.496720
16997.000000	16.148581	0.513032
16997.000000	16.972275	0.533946
16997.000000	17.795968	0.561886
16997.000000	18.619662	0.599139
16997.000000	19.443355	0.665635
16997.000000	20.267049	0.745860
17322.000000	-19.105505	0.648227
17322.000000	-18.281811	0.584662
17322.000000	-17.458118	0.529693
17322.000000	-16.634424	0.483202
17322.000000	-15.810730	0.466217
17322.000000	-14.987037	0.452038
17322.000000	-14.163343	0.437983
17322.000000	-13.339650	0.422164
17322.000000	-12.515956	0.404721
17322.000000	-11.692262	0.385509
17322.000000	-10.868569	0.366689
17322.000000	-10.044875	0.350126
17322.000000	-9.221182	0.335482
17322.000000	-8.397488	0.322652
17322.000000	-7.573794	0.311078
17322.000000	-6.750101	0.300449
17322.000000	-5.926407	0.290376
17322.000000	-5.102714	0.280513
17322.000000	-4.279020	0.270690
17322.000000	-3.455326	0.261179
17322.000000	-2.631633	0.253495
17322.000000	-1.807939	0.252709
17322.000000	2.145790	0.255559
17322.000000	2.969484	0.261756
17322.000000	3.793177	0.272089
17322.000000	4.616871	0.283418
17322.000000	5.440564	0.294708
17322.000000	6.264258	0.305953
17322.000000	7.087952	0.317529
17322.000000	7.911645	0.329733
17322.000000	8.735339	0.343026
17322.000000	9.559032	0.357842
17322.000000	10.382726	0.374521
17322.000000	11.206420	0.393688
17322.000000	12.030113	0.414308
17322.000000	12.853807	0.434831
17322.000000	13.677500	0.452676
17322.000000	14.501194	0.468814
17322.000000	15.324888	0.483880
17322.000000	16.148581	0.499861
17322.000000	16.972275	0.520316
17322.000000	17.795968	0.551249
17322.000000	18.619662	0.609540
17322.000000	19.443355	0.678313
17322.000000	20.267049	0.758596
17647.000000	-19.105505	0.661185
17647.000000	-18.281811	0.594906
17647.000000	-17.458118	0.539167
17647.000000	-16.634424	0.490862
17647.000000	-15.810730	0.454621
17647.000000	-14.987037	0.440724
17647.000000	-14.163343	0.426946
17647.000000	-13.339650	0.411445
17647.000000	-12.515956	0.394354
17647.000000	-11.692262	0.375535
17647.000000	-10.868569	0.357100
17647.000000	-10.044875	0.340877
17647.000000	-9.221182	0.326533
17647.000000	-8.397488	0.313964
17647.000000	-7.573794	0.302621
17647.000000	-6.750101	0.292197
17647.000000	-5.926407	0.282306
17647.000000	-5.102714	0.272602
17647.000000	-4.279020	0.262916
17647.000000	-3.455326	0.253497
17647.000000	-2.631633	0.245803
17647.000000	-1.807939	0.244718
17647.000000	2.145790	0.247620
17647.000000	2.969484	0.253893
17647.000000	3.793177	0.264123
17647.000000	4.616871	0.275282
17647.000000	5.440564	0.286373
17647.000000	6.264258	0.297399
17647.000000	7.087952	0.308737
17647.000000	7.911645	0.320681
17647.000000	8.735339	0.333685
17647.000000	9.559032	0.348177
17647.000000	10.382726	0.364492
17647.000000	11.206420	0.383243
17647.000000	12.030113	0.403417
17647.000000	12.853807	0.423499
17647.000000	13.677500	0.440965
17647.000000	14.501194	0.456761
17647.000000	15.324888	0.471518
17647.000000	16.148581	0.487149
17647.000000	16.972275	0.509858
17647.000000	17.795968	0.560999
17647.000000	18.619662	0.620779
17647.000000	19.443355	0.690124
17647.000000	20.267049	0.757211
17972.000000	-19.105505	0.669089
17972.000000	-18.281811	0.605830
17972.000000	-17.458118	0.548505
17972.000000	-16.634424	0.499350
17972.000000	-15.810730	0.456356
17972.000000	-14.987037	0.429799
17972.000000	-14.163343	0.416297
17972.000000	-13.339650	0.401099
17972.000000	-12.515956	0.384350
17972.000000	-11.692262	0.365911
17972.000000	-10.868569	0.347849
17972.000000	-10.044875	0.331955
17972.000000	-9.221182	0.317902
17972.000000	-8.397488	0.305585
17972.000000	-7.573794	0.294466
17972.000000	-6.750101	0.284239
17972.000000	-5.926407	0.274524
17972.000000	-5.102714	0.264975
17972.000000	-4.279020	0.255420
17972.000000	-3.455326	0.246090
17972.000000	-2.631633	0.238387
17972.000000	-1.807939	0.237017
17972.000000	2.145790	0.239969
17972.000000	2.969484	0.246316
17972.000000	3.793177	0.256449
17972.000000	4.616871	0.267444
17972.000000	5.440564	0.278342
17972.000000	6.264258	0.289158
17972.000000	7.087952	0.300266
17972.000000	7.911645	0.311959
17972.000000	8.735339	0.324685
17972.000000	9.559032	0.338865
17972.000000	10.382726	0.354828
17972.000000	11.206420	0.373178
17972.000000	12.030113	0.392922
17972.000000	12.853807	0.412579
17972.000000	13.677500	0.429678
17972.000000	14.501194	0.445147
17972.000000	15.324888	0.459591
17972.000000	16.148581	0.474929
17972.000000	16.972275	0.518646
17972.000000	17.795968	0.570989
17972.000000	18.619662	0.631505
17972.000000	19.443355	0.693808
17972.000000	20.267049	0.750226
18297.000000	-19.105505	0.664755
18297.000000	-18.281811	0.614598
18297.000000	-17.458118	0.557945
18297.000000	-16.634424	0.507826
18297.000000	-15.810730	0.464015
18297.000000	-14.987037	0.424532
18297.000000	-14.163343	0.406010
18297.000000	-13.339650	0.391110
18297.000000	-12.515956	0.374691
18297.000000	-11.692262	0.356619
18297.000000	-10.868569	0.338918
18297.000000	-10.044875	0.323343
18297.000000	-9.221182	0.309570
18297.000000	-8.397488	0.297498
18297.000000	-7.573794	0.286595
18297.000000	-6.750101	0.276560
18297.000000	-5.926407	0.267014
18297.000000	-5.102714	0.257615
18297.000000	-4.279020	0.248187
18297.000000	-3.455326	0.238944
18297.000000	-2.631633	0.231234
18297.000000	-1.807939	0.229593
18297.000000	2.145790	0.232590
18297.000000	2.969484	0.239010
18297.000000	3.793177	0.249049
18297.000000	4.616871	0.259887
18297.000000	5.440564	0.270600
18297.000000	6.264258	0.281212
18297.000000	7.087952	0.292099
18297.000000	7.911645	0.303551
18297.000000	8.735339	0.316009
18297.000000	9.559032	0.329887
18297.000000	10.382726	0.345511
18297.000000	11.206420	0.363473
18297.000000	12.030113	0.382801
18297.000000	12.853807	0.402049
18297.000000	13.677500	0.418793
18297.000000	14.501194	0.433943
18297.000000	15.324888	0.448093
18297.000000	16.148581	0.481347
18297.000000	16.972275	0.527506
18297.000000	17.795968	0.580781
18297.000000	18.619662	0.636522
18297.000000	19.443355	0.685141
18297.000000	20.267049	0.748649
18622.000000	-19.105505	0.657800
18622.000000	-18.281811	0.609219
18622.000000	-17.458118	0.565090
18622.000000	-16.634424	0.516268
18622.000000	-15.810730	0.471677
18622.000000	-14.987037	0.431461
18622.000000	-14.163343	0.396070
18622.000000	-13.339650	0.381457
18622.000000	-12.515956	0.365359
18622.000000	-11.692262	0.347643
18622.000000	-10.868569	0.330291
18622.000000	-10.044875	0.315025
18622.000000	-9.221182	0.301524
18622.000000	-8.397488	0.289688
18622.000000	-7.573794	0.278995
18622.000000	-6.750101	0.269146
18622.000000	-5.926407	0.259764
18622.000000	-5.102714	0.250510
18622.000000	-4.279020	0.241204
18622.000000	-3.455326	0.232045
18622.000000	-2.631633	0.224330
18622.000000	-1.807939	0.222430
18622.000000	2.145790	0.225468
18622.000000	2.969484	0.231960
18622.000000	3.793177	0.241909
18622.000000	4.616871	0.252595
18622.000000	5.440564	0.263130
18622.000000	6.264258	0.273546
18622.000000	7.087952	0.284220
18622.000000	7.911645	0.295439
18622.000000	8.735339	0.307638
18622.000000	9.559032	0.321225
18622.000000	10.382726	0.336522
18622.000000	11.206420	0.354110
18622.000000	12.030113	0.373036
18622.000000	12.853807	0.391887
18622.000000	13.677500	0.408288
18622.000000	14.501194	0.423130
18622.000000	15.324888	0.447578
18622.000000	16.148581	0.489328
18622.000000	16.972275	0.536165
18622.000000	17.795968	0.583909
18622.000000	18.619662	0.627692
18622.000000	19.443355	0.680936
18622.000000	20.267049	0.750098
18947.000000	-19.105505	0.654868
18947.000000	-18.281811	0.602281
18947.000000	-17.458118	0.558029
18947.000000	-16.634424	0.517740
18947.000000	-15.810730	0.478792
18947.000000	-14.987037	0.438462
18947.000000	-14.163343	0.399528
18947.000000	-13.339650	0.372159
18947.000000	-12.515956	0.356334
18947.000000	-11.692262	0.338964
18947.000000	-10.868569	0.321955
18947.000000	-10.044875	0.306985
18947.000000	-9.221182	0.293747
18947.000000	-8.397488	0.282142
18947.000000	-7.573794	0.271652
18947.000000	-6.750101	0.261982
18947.000000	-5.926407	0.252759
18947.000000	-5.102714	0.243646
18947.000000	-4.279020	0.234458
18947.000000	-3.455326	0.225380
18947.000000	-2.631633	0.217661
18947.000000	-1.807939	0.215516
18947.000000	2.145790	0.218589
18947.000000	2.969484	0.225152
18947.000000	3.793177	0.235016
18947.000000	4.616871	0.245557
18947.000000	5.440564	0.255918
18947.000000	6.264258	0.266145
18947.000000	7.087952	0.276613
18947.000000	7.911645	0.287608
18947.000000	8.735339	0.299557
18947.000000	9.559032	0.312863
18947.000000	10.382726	0.327844
18947.000000	11.206420	0.345072
18947.000000	12.030113	0.363600
18947.000000	12.853807	0.382090
18947.000000	13.677500	0.398153
18947.000000	14.501194	0.415194
18947.000000	15.324888	0.455049
18947.000000	16.148581	0.494860
18947.000000	16.972275	0.533927
18947.000000	17.795968	0.575515
18947.000000	18.619662	0.622606
18947.000000	19.443355	0.679215
18947.000000	20.267049	0.754187
19272.000000	-19.105505	0.653588
19272.000000	-18.281811	0.598139
19272.000000	-17.458118	0.551898
19272.000000	-16.634424	0.510773
19272.000000	-15.810730	0.472672
19272.000000	-14.987037	0.436514
19272.000000	-14.163343	0.403261
19272.000000	-13.339650	0.368476
19272.000000	-12.515956	0.347558
19272.000000	-11.692262	0.330529
19272.000000	-10.868569	0.313918
19272.000000	-10.044875	0.299205
19272.000000	-9.221182	0.286224
19272.000000	-8.397488	0.274848
19272.000000	-7.573794	0.264553
19272.000000	-6.750101	0.255056
19272.000000	-5.926407	0.245988
19272.000000	-5.102714	0.237010
19272.000000	-4.279020	0.227937
19272.000000	-3.455326	0.218937
19272.000000	-2.631633	0.211215
19272.000000	-1.807939	0.208840
19272.000000	2.145790	0.211940
19272.000000	2.969484	0.218573
19272.000000	3.793177	0.228356
19272.000000	4.616871	0.238758
19272.000000	5.440564	0.248952
19272.000000	6.264258	0.258994
19272.000000	7.087952	0.269263
19272.000000	7.911645	0.280044
19272.000000	8.735339	0.291753
19272.000000	9.559032	0.304778
19272.000000	10.382726	0.319469
19272.000000	11.206420	0.336363
19272.000000	12.030113	0.354385
19272.000000	12.853807	0.372792
19272.000000	13.677500	0.388231
19272.000000	14.501194	0.416683
19272.000000	15.324888	0.451034
19272.000000	16.148581	0.488044
19272.000000	16.972275	0.527171
19272.000000	17.795968	0.570068
19272.000000	18.619662	0.619507
19272.000000	19.443355	0.679819
19272.000000	20.267049	0.759595
19597.000000	-19.105505	0.653728
19597.000000	-18.281811	0.595850
19597.000000	-17.458118	0.547438
19597.000000	-16.634424	0.505155
19597.000000	-15.810730	0.466557
19597.000000	-14.987037	0.430638
19597.000000	-14.163343	0.396559
19597.000000	-13.339650	0.366411
19597.000000	-12.515956	0.338819
19597.000000	-11.692262	0.322673
19597.000000	-10.868569	0.305946
19597.000000	-10.044875	0.291707
19597.000000	-9.221182	0.278971
19597.000000	-8.397488	0.267779
19597.000000	-7.573794	0.257685
19597.000000	-6.750101	0.248359
19597.000000	-5.926407	0.239438
19597.000000	-5.102714	0.230593
19597.000000	-4.279020	0.221630
19597.000000	-3.455326	0.212706
19597.000000	-2.631633	0.204983
19597.000000	-1.807939	0.202389
19597.000000	2.145790	0.205508
19597.000000	2.969484	0.212213
19597.000000	3.793177	0.221919
19597.000000	4.616871	0.232186
19597.000000	5.440564	0.242218
19597.000000	6.264258	0.252083
19597.000000	7.087952	0.262163
19597.000000	7.911645	0.272726
19597.000000	8.735339	0.284203
19597.000000	9.559032	0.297015
19597.000000	10.382726	0.311318
19597.000000	11.206420	0.327774
19597.000000	12.030113	0.346144
19597.000000	12.853807	0.360977
19597.000000	13.677500	0.378209
19597.000000	14.501194	0.410244
19597.000000	15.324888	0.445117
19597.000000	16.148581	0.482012
19597.000000	16.972275	0.521947
19597.000000	17.795968	0.566386
19597.000000	18.619662	0.618116
19597.000000	19.443355	0.682354
19597.000000	20.267049	0.765986
19922.000000	-19.105505	0.655282
19922.000000	-18.281811	0.595042
19922.000000	-17.458118	0.544379
19922.000000	-16.634424	0.500843
19922.000000	-15.810730	0.461593
19922.000000	-14.987037	0.425372
19922.000000	-14.163343	0.391674
19922.000000	-13.339650	0.360489
19922.000000	-12.515956	0.331607
19922.000000	-11.692262	0.313178
19922.000000	-10.868569	0.299362
19922.000000	-10.044875	0.284275
19922.000000	-9.221182	0.271804
19922.000000	-8.397488	0.261011
19922.000000	-7.573794	0.251044
19922.000000	-6.750101	0.241862
19922.000000	-5.926407	0.233102
19922.000000	-5.102714	0.224385
19922.000000	-4.279020	0.215526
19922.000000	-3.455326	0.206674
19922.000000	-2.631633	0.198952
19922.000000	-1.807939	0.196154
19922.000000	2.145790	0.199283
19922.000000	2.969484	0.206059
19922.000000	3.793177	0.215692
19922.000000	4.616871	0.225831
19922.000000	5.440564	0.235709
19922.000000	6.264258	0.245393
19922.000000	7.087952	0.255276
19922.000000	7.911645	0.265693
19922.000000	8.735339	0.276943
19922.000000	9.559032	0.289217
19922.000000	10.382726	0.303759
19922.000000	11.206420	0.320467
19922.000000	12.030113	0.332672
19922.000000	12.853807	0.343212
19922.000000	13.677500	0.372972
19922.000000	14.501194	0.405197
19922.000000	15.324888	0.439899
19922.000000	16.148581	0.477273
19922.000000	16.972275	0.518044
19922.000000	17.795968	0.564158
19922.000000	18.619662	0.618181
19922.000000	19.443355	0.686421
19922.000000	20.267049	0.773845
